0.32132
-0.40545
0.34427
-0.32129
0.85686
-1.094
0.88746
-1.7213
1.5148
-10.213
-48.849
-133.39
-290.9
-609.18
-1081.2
-1700.4
-2368.6
-3403.8
-4437.4
-5246.1
-5695.2
-5822.4
-5859.8
-5874.2
-6145.4
-6699.3
-7606
-8578.2
-9435.3
-10076
-10535
-10902
-11295
-11680
-12056
-12373
-12696
-12988
-13312
-13700
-14154
-14647
-15054
-15281
-15258
-15125
-14975
-14939
-15023
-15180
-15404
-15551
-15549
-15344
-15056
-14763
-14535
-14330
-14096
-13819
-13535
-13196
-12823
-12452
-12142
-11852
-11501
-11076
-10593
-10102
-9650.1
-9212.2
-8787.8
-8396
-8013.1
-7640.8
-7227.6
-6801.1
-6378.1
-5974.2
-5592.4
-5187
-4757.2
-4304.5
-3859.4
-3427.3
-3029.1
-2667.9
-2359.5
-2092.9
-1860.9
-1640.1
-1386
-1108.3
-832.33
-557.2
-295.41
-56.239
150.44
299.21
381.25
390.2
327.35
190.58
-14.207
-278.17
-620.9
-922.17
-1101.4
-1035.8
-757.95
-338.1
119.69
598.34
920.38
1055.1
974.66
793.25
489.47
144.97
-182.71
-387.79
-513.6
-503.9
-368.93
-152.06
7.8724
117.59
115.81
130.12
-148.09
-567.97
-671.63
-589.85
-336.95
-175
-0.86451
47.433
47.311
-103.62
-216.07
-227.74
-40.892
214.1
401.36
444.56
479.86
444.44
334.18
98.692
-145.76
-346.84
-496.05
-558.46
-532.83
-411.87
-256.09
5.7762
205.43
362.54
340.07
296.57
172.1
75.633
-78.035
-181.69
-216.35
-174.58
-115.35
-50.616
0.73445
63.446
112.52
156.35
180.09
203.82
203.07
188.22
130.81
-15.722
-186.93
-353.77
-489.21
-574.55
-536.59
-413.42
-193.38
17.336
206.88
309.06
339.15
278.65
144.15
-12.73
-170.87
-268.33
-261.95
-179.62
-71.969
49.4
159.42
233.16
220.96
151.52
24.398
-112.88
-213.42
-257.32
-269.77
-247.68
-204.22
-142.77
-92.243
-57.088
-40.188
-11.552
38.452
91.661
136.1
164.14
160.33
117.99
58.733
-14.329
-78.234
-133.59
-129.78
-99.35
-26.387
16.472
87.729
41.504
-137.43
-249.98
-290.61
-215.45
-134.22
-7.903
98.922
166.04
149.46
60.348
-18.124
-34.779
9.7544
71.265
177.45
252.44
298.91
295.62
250.07
151.25
25.117
-99.151
-169.51
-182.92
-131.37
-64.509
43.7
161.79
251.6
287.27
284.43
223.36
156.71
99.304
64.15
58.932
77.026
116.89
152.28
188.88
190.74
165.41
122.57
59.361
-111.14
-243.1
-286.18
-234.38
-123.99
-6.2887
108.94
143.61
128.08
59.215
-12.264
-42.139
-9.9228
53.179
138.65
220.37
287.22
311.17
257.43
143.82
-8.9894
-133.61
-210.87
-199.61
-113.62
5.8833
112.62
167.48
164.44
108.41
75.557
50.761
45.085
60.799
106.76
153.35
192.18
205.39
199.5
176.18
160.35
141.79
112.79
82.358
77.217
83.842
76.092
54.724
33.586
9.3719
-22.867
-38.008
-50.211
-37.021
-7.4746
58.534
116.96
152.24
140.41
121.14
95.31
64.594
21.368
-2.6777
3.6111
38.054
84.561
114.15
129.55
110.01
88.433
41.55
-19.937
-93.413
-137.51
-141.18
-103.53
-57.792
-8.209
22.064
51.45
64.295
54.939
25.805
0.022982
-8.7675
7.4516
29.309
45.59
53.156
59.231
61.25
49.675
34.841
18.254
14.46
23.61
38.62
43.317
42.491
30.174
11.843
-13.312
-30.442
-37.916
-22.577
2.6394
35.346
70.484
106.35
127.75
124.86
107.08
87.729
70.905
57.632
53.485
56.025
64.594
88.999
109.71
113.57
97.736
77.026
64.433
63.997
60.348
51.855
51.45
63.385
84.424
93.964
92.572
87.912
95.341
107.65
113.87
108.98
105.19
111.94
125.31
133.88
129.13
118.57
107.06
103.44
97.659
40.28
-30.602
-73.093
-66.499
-21.215
26.67
77.439
116.27
137.24
127.72
91.393
55.069
42.063
56.958
88.042
119.42
140.82
151.09
142.49
117.24
70.622
29.921
4.9193
7.4899
34.795
68.694
98.394
114.35
119.36
105.57
86.895
70.4
78.326
98.975
124.93
155.04
182.56
196.82
198.31
178.95
148.01
100.41
53.684
24.375
5.7685
5.0494
21.666
58.091
94.431
115.23
114.42
101.04
87.415
79.374
66.736
70.622
89.84
109.5
129.84
138.56
127.47
105.45
80.882
60.845
47.969
43.929
51.259
62.191
76.069
77.768
73.239
59.628
39.247
20.588
15.117
14.842
32.339
50.807
76.98
93.559
97.958
87.538
68.365
42.927
19.96
9.4944
11.407
17.145
27.634
42.943
50.662
53.439
43.799
32.194
14.161
2.5859
-1.905
1.3312
8.867
19.777
30.426
43.478
45.123
41.122
34.045
31.474
36.019
42.812
48.986
52.039
54.877
54.954
52.138
38.98
21.651
6.5183
2.5094
3.9171
10.826
19.226
32.951
47.219
56.178
53.248
40.479
28.047
23.357
22.722
26.524
31.038
41.81
54.678
64.555
67.271
65.137
61.158
57.968
56.209
55.298
53.684
54.64
60.095
62.933
63.897
56.997
54.847
53.546
57.762
61.617
67.769
76.62
87.851
97.537
101.89
101.1
96.848
90.498
80.698
73.881
68.036
69.475
78.548
90.422
101.62
107.57
107.98
103.06
96.596
90.843
87.981
87.354
89.97
95.073
100.67
104.6
106.23
106.89
104.84
102.7
101.35
100.8
103.14
106.23
107.62
104.13
98.524
90.422
80.836
72.405
67.822
70.201
78.143
87.805
95.448
101.37
104.02
103.88
101.89
98.065
94.247
91.378
92.411
93.536
95.448
97.705
99.633
100.53
99.977
94.76
88.356
83.498
79.428
77.056
74.868
75.962
78.204
82.167
85.678
87.025
88.356
89.856
92.709
93.803
95.027
95.907
96.42
95.058
92.74
87.239
79.359
71.999
65.076
61.457
57.915
56.805
55.772
56.254
55.772
54.174
52.651
51.511
50.065
49.614
50.211
51.572
53.095
54.923
56.943
57.509
57.968
57.494
56.446
54.487
52.062
49.224
46.248
42.751
38.084
32.239
27.634
23.472
21.353
20.213
19.884
21.934
24.688
29.019
31.773
32.668
32.599
33.196
32.178
30.533
29.187
29.623
31.62
34.58
36.585
36.409
36.6
35.942
34.871
33.341
30.755
29.172
28.904
30.189
30.365
30.235
31.306
33.915
37.801
42.124
45.773
49.063
53.011
57.027
58.527
59.766
59.888
60.363
60.944
62.413
64.043
65.236
66.17
67.799
69.804
71.341
71.701
71.387
71.326
72.504
73.132
73.805
73.782
74.838
77.171
81.019
84.332
86.474
89.014
92.174
95.058
96.642
95.938
94.79
94.04
94.117
94.446
94.247
93.872
94.653
95.777
97.437
97.468
96.137
95.249
95.701
96.519
96.343
93.819
90.093
88.655
88.67
90.269
91.676
94.714
98.6
102.86
105.78
105.87
104.36
104.22
105.19
105.68
104.55
102.72
102.5
103.39
103.55
102
99.472
98.348
99.182
99.648
99.396
97.988
97.85
98.225
100.26
99.855
98.585
99.182
101.09
102.86
103.67
104.67
104.87
106.01
106.05
104.63
101.5
97.613
94.668
92.143
89.718
87.132
85.755
85.02
84.676
84.263
83.322
82.419
81.991
82.044
81.7
81.494
80.43
80.162
78.739
78.043
77.324
76.857
75.932
75.465
74.807
73.897
72.435
70.171
68.143
66.284
64.448
62.207
59.2
57.371
55.772
54.671
53.768
54.082
55.007
55.665
55.803
56.01
56.3
54.709
53.485
52.276
51.649
51.855
52.467
52.858
51.963
52.368
51.947
51.052
49.66
49.063
47.954
48.803
48.566
48.956
49.27
49.27
50.226
51.266
52.039
53.049
54.655
56.446
58.274
59.843
60.975
61.924
62.222
62.536
62.589
63.278
63.568
63.982
64.058
65.045
66.062
67.692
68.228
69.383
71.265
72.06
72.78
72.818
73.33
73.614
75.855
77.638
79.252
80.285
82.075
83.651
84.814
85.457
85.594
85.533
86.443
87.01
87.086
86.635
87.193
88.042
88.884
89.733
89.825
91.034
92.396
94.522
96.06
96.879
97.032
97.674
98.96
99.243
98.99
98.57
98.944
100.18
100.87
101.25
101.71
101.92
103.08
103.44
103.19
102.2
101.45
101.91
102.06
102.25
102
102
102.19
103.25
103.88
103.72
104.12
104.69
105.78
105.19
104.79
103.86
102.95
102.43
101.23
101.07
100.01
99.801
99.755
99.587
99.526
99.097
98.271
97.552
96.94
96.833
96.504
96.282
95.877
96.121
95.716
95.67
94.836
94.369
94.071
94.025
93.589
92.755
91.424
90.185
88.746
87.507
85.174
83.689
82.075
81.432
81.088
81.027
80.598
80.384
80.132
79.566
78.594
76.59
75.136
74.807
74.348
73.147
72.267
71.762
71.533
70.431
69.429
67.692
67.019
65.611
65.06
63.806
63.148
62.413
61.725
61.174
60.814
59.59
58.527
59.001
58.84
59.108
59.078
58.947
59.361
59.2
58.182
58.029
56.974
56.4
56.538
56.3
55.88
56.04
56.759
57.303
57.257
56.805
56.369
55.956
56.101
56.3
56.3
56.629
57.961
59.093
59.559
59.919
60.516
61.304
62.26
62.88
63.415
63.836
64.777
65.825
66.254
66.437
66.269
66.567
66.881
67.003
67.868
68.694
69.827
70.921
72.175
72.106
72.703
73.346
74.509
75.121
76.437
77.408
78.219
79.612
80.537
82.197
82.886
83.735
84.439
85.311
85.923
86.222
86.084
86.681
86.994
87.43
87.943
88.433
88.938
89.794
90.169
91.034
91.676
92.426
93.13
93.62
93.865
94.086
94.53
94.668
95.341
95.731
96.137
96.45
96.596
97.093
96.779
96.688
96.764
96.175
95.517
95.685
95.509
96.091
95.716
95.387
95.67
95.808
95.326
95.433
95.923
95.716
96.328
95.517
95.356
95.877
95.578
95.395
95.012
95.073
94.966
94.653
94.622
94.193
93.589
93.214
92.901
92.457
91.661
90.72
90.483
89.81
89.152
88.808
88.609
88.104
88.356
88.027
87.683
86.681
86.505
85.594
85.174
83.988
82.947
81.792
81.601
81.149
79.941
79.16
78.395
77.921
77.607
76.59
76.154
75.587
74.524
73.805
73.109
72.657
72.313
71.326
71.64
71.043
70.041
69.559
69.367
68.886
68.526
68.036
67.225
67.034
66.315
65.764
65.313
65.06
64.372
64.012
64.234
64.15
63.806
63.262
63.194
63.461
63.194
63.239
63.239
63.04
63.247
62.849
62.696
62.696
63.04
63.851
64.196
63.92
64.234
64.18
64.089
64.165
65.213
65.611
65.94
66.407
66.881
67.868
67.738
67.975
68.771
69.306
70.133
70.844
70.951
71.135
71.892
72.252
72.267
72.657
73.805
74.019
75.105
75.794
76.681
77.072
77.653
78.487
78.923
79.757
80.583
81.417
82.419
83.345
83.965
84.049
84.967
85.395
85.969
85.923
87.239
87.163
87.637
88.073
88.777
88.624
89.152
89.657
90.185
90.613
91.095
91.501
91.975
92.556
93.536
93.681
94.232
94.576
94.637
95.165
94.744
95.15
95.165
95.938
95.716
95.67
96.06
96.167
95.938
95.792
95.984
96.121
96.596
96.519
97.177
97.468
97.483
97.69
97.613
97.33
97.238
97.376
97.567
97.33
97.644
97.72
96.94
96.81
96.764
96.106
95.463
95.448
95.479
95.135
94.775
94.461
93.849
93.903
93.681
93.245
92.587
92.694
92.334
91.96
91.646
91.439
90.705
90.231
90.269
90.047
89.573
88.838
88.479
87.866
87.461
86.895
85.923
85.349
84.799
84.783
83.888
83.391
82.794
82.419
82.006
81.333
81.386
80.537
80.224
79.711
79.91
79.099
79.03
78.127
78.028
77.546
77.293
77.026
76.322
75.756
75.465
75.289
74.646
74.164
73.912
73.614
73.032
73.239
72.833
72.474
72.52
72.611
72.359
72.328
71.655
72.191
72.42
72.78
72.673
72.435
72.091
71.969
72.252
71.831
72.267
72.298
72.986
73.063
73.208
72.504
72.864
73.063
73.629
73.79
73.705
74.141
74.195
74.929
75.197
76.199
75.901
76.276
76.964
77.186
77.217
77.592
78.342
78.686
78.816
79.535
80.147
80.27
80.224
80.943
81.287
81.103
81.746
82.435
83.047
83.529
83.842
84.332
85.143
85.25
85.579
85.977
86.788
87.163
87.622
87.622
88.241
88.655
88.586
89.136
89.167
89.749
89.955
90.215
90.376
91.034
91.378
91.585
91.929
92.243
92.602
92.442
92.916
93.321
93.459
93.964
93.918
94.148
94.683
94.874
94.79
94.92
94.79
95.027
94.836
94.851
95.356
95.402
95.119
95.058
95.28
95.073
94.729
94.446
94.836
94.851
94.561
94.591
94.729
94.775
94.262
94.193
94.071
93.788
93.834
93.559
93.52
93.207
93.054
92.587
92.587
92.273
91.6
91.631
91.707
91.332
90.973
90.843
90.69
90.108
89.794
89.282
89.182
88.7
88.479
88.402
88.012
87.132
86.834
86.336
86.283
85.579
85.319
84.967
84.89
84.202
83.735
83.766
83.123
82.962
82.152
81.838
81.54
81.318
81.256
80.675
80.644
80.445
79.91
79.413
78.954
78.892
78.25
78.342
77.936
77.454
77.232
76.636
76.796
76.498
76.307
76.215
76.23
75.993
75.978
75.916
75.511
75.725
75.136
75.167
75.243
75.213
74.899
75.228
75.037
74.975
75.052
75.32
74.975
74.822
74.838
74.899
75.572
74.884
75.381
75.496
76.138
75.993
76.368
76.697
76.437
77.217
77.026
77.171
77.278
77.783
77.798
78.066
78.563
78.518
78.518
78.801
79.16
79.504
79.895
80.116
80.032
80.4
80.729
81.103
81.287
81.478
82.075
82.809
83.031
83.246
83.735
83.919
84.378
84.952
85.051
85.219
85.877
86.489
86.398
86.895
86.925
87.147
87.132
87.339
87.836
87.744
88.027
88.241
88.494
88.838
88.808
88.731
89.358
89.557
89.779
90.2
90.269
90.422
90.468
91.202
90.873
91.24
91.753
91.378
91.546
91.569
91.738
91.569
91.753
92.097
91.615
92.227
91.768
91.914
91.753
91.96
92.097
91.929
91.814
92.487
91.875
92.113
92.128
91.768
91.99
91.891
91.738
91.332
91.631
91.409
91.424
91.034
91.11
90.827
90.315
90.269
90.123
89.749
89.703
89.045
89.06
89.267
88.953
88.463
87.981
88.119
88.211
87.507
87.385
87.492
87.178
86.727
86.298
86.237
86.069
85.663
85.847
85.235
84.753
84.768
84.378
84.217
83.735
83.72
83.016
83.23
83.001
82.886
82.274
81.976
81.991
81.746
81.761
81.57
81.57
81.073
81.256
80.698
80.43
80.116
80.384
80.315
80.04
79.642
80.04
79.627
79.283
79.612
79.267
78.847
79.374
78.625
78.671
78.671
78.862
78.862
78.158
78.518
78.716
78.472
78.609
78.785
79.068
78.64
78.64
79.283
79.13
79.084
79.382
79.283
79.642
79.566
79.474
79.788
80.055
80.4
80.285
80.3
80.491
80.912
80.958
80.989
81.356
81.478
81.647
81.792
81.777
82.825
82.152
82.373
82.855
83.2
83.59
83.452
83.575
83.796
84.309
84.347
84.638
84.638
85.311
85.365
85.77
85.625
86.053
86.398
86.459
87.101
86.956
87.239
87.507
87.461
87.652
87.897
87.912
88.18
88.012
88.241
88.777
88.823
89.389
88.869
89.42
89.626
89.856
89.733
89.902
90.093
90.215
90.315
90.613
90.72
90.437
90.942
90.873
91.202
90.942
90.812
91.141
91.217
91.24
91.378
91.393
91.271
91.286
91.172
91.6
91.233
90.927
91.332
90.988
91.141
91.156
91.003
90.781
90.797
90.858
90.69
90.452
90.468
90.246
90.185
89.955
89.955
89.496
89.955
89.626
89.588
89.045
89.511
89.435
89.014
88.915
88.853
88.869
88.226
88.586
88.241
88.18
87.652
87.79
87.339
87.622
87.446
86.979
86.803
86.52
86.206
86.206
86.13
85.77
85.395
85.847
85.174
85.281
85.365
84.753
84.783
84.561
84.408
84.278
83.988
83.904
83.705
83.735
83.483
83.246
83.498
83.184
82.978
82.634
82.779
82.465
82.197
81.945
82.182
81.715
81.448
81.463
81.991
81.838
81.731
81.585
81.601
81.509
81.555
81.348
81.386
81.807
81.647
81.746
81.386
81.494
81.677
81.333
81.302
81.103
81.7
81.478
81.356
81.195
81.57
81.509
81.616
81.616
81.868
81.868
82.014
82.09
82.373
82.588
82.664
82.343
82.496
82.779
82.634
83.093
83.154
83.376
82.901
83.154
83.59
83.62
83.605
83.513
83.827
83.919
84.018
84.408
84.577
84.592
84.86
84.906
84.875
84.86
85.487
85.533
85.365
85.61
85.594
86.007
86.115
86.023
86.306
86.413
86.711
86.696
86.788
86.925
86.994
87.27
87.132
87.4
87.446
87.507
87.339
87.836
87.622
87.79
88.211
88.165
88.18
88.088
88.371
87.951
88.601
88.524
88.433
88.211
88.448
88.853
88.7
88.356
88.371
88.433
88.241
88.211
88.371
88.15
88.356
88.7
88.524
88.211
88.257
88.134
87.943
88.027
88.042
88.027
87.759
87.897
87.713
87.637
87.285
87.209
87.163
87.01
86.818
86.727
86.895
86.696
86.88
86.772
86.268
86.428
86.489
86.413
85.893
85.564
85.755
85.786
85.411
85.38
85.066
84.967
84.99
84.89
84.531
84.309
84.156
84.294
83.651
83.858
83.33
83.575
83.322
83.138
83.33
83.001
82.748
82.526
82.672
82.335
82.121
82.373
82.228
81.853
82.121
82.106
81.976
81.402
81.356
81.333
81.195
80.927
81.004
80.79
80.866
80.69
80.79
80.851
80.598
80.614
80.553
80.384
80.598
80.369
80.43
80.361
80.239
80.193
80.071
80.239
80.002
80.162
79.941
79.91
80.071
79.864
79.818
80.178
80.04
79.895
79.971
80.178
80.132
79.986
80.3
80.507
80.4
80.178
80.178
80.729
80.614
80.384
80.598
80.369
80.644
80.66
81.019
80.698
80.943
81.318
81.119
81.333
81.134
81.103
81.18
81.272
81.7
81.555
81.899
81.478
81.914
81.96
82.259
82.358
82.511
82.435
82.557
82.419
82.603
82.496
82.718
83.077
82.917
82.764
83.077
83.169
83.246
83.422
83.437
83.812
83.276
83.735
83.59
83.988
83.812
84.034
83.919
84.079
83.888
84.003
84.079
84.263
84.248
84.217
84.347
84.278
84.393
84.378
84.408
84.454
84.424
84.171
84.11
84.278
84.202
84.707
84.125
84.516
84.317
84.263
84.156
84.11
83.934
83.827
83.858
84.11
83.904
84.003
83.651
83.751
83.597
83.766
83.689
83.422
83.376
83.467
83.307
83.031
83.108
83.483
83.544
83.108
82.901
83.031
83.246
83.169
82.855
82.435
82.305
82.748
82.404
82.075
82.029
82.335
81.685
81.715
82.06
81.715
81.746
81.555
81.585
81.058
81.027
80.744
80.897
80.79
80.79
80.507
80.583
80.729
80.713
80.3
80.101
79.895
80.147
79.849
79.833
79.803
79.757
79.757
79.596
79.711
79.52
79.443
79.237
79.459
79.489
79.145
79.237
79.313
78.892
79.359
78.938
78.923
78.831
78.755
78.701
78.923
78.655
78.64
78.923
78.862
78.456
78.755
78.831
78.357
78.395
78.671
79.015
78.739
78.456
78.518
78.892
78.892
78.724
78.724
78.892
78.954
79.053
78.954
78.892
79.328
79.267
78.739
79.344
79.328
79.328
79.344
79.397
79.566
79.627
79.459
79.673
79.657
79.673
79.879
79.382
79.925
79.971
80.384
80.193
80.071
80.805
80.69
80.193
80.43
80.774
80.774
80.82
80.866
80.866
80.79
81.027
81.073
81.103
81.119
81.149
80.897
81.348
81.356
81.555
81.494
81.777
81.386
81.555
81.761
81.746
82.044
81.914
81.914
81.807
81.976
82.006
82.197
82.106
82.029
81.945
82.343
82.167
82.152
82.006
81.838
82.182
82.121
81.777
82.289
82.274
82.182
82.075
82.106
82.029
82.167
82.014
82.121
82.335
82.075
82.228
82.182
82.121
81.96
82.167
81.823
82.373
81.57
82.09
81.884
81.93
81.601
81.677
81.348
81.386
81.211
81.494
81.333
81.448
81.494
81.524
81.272
81.18
80.958
80.927
80.759
80.729
80.866
80.912
81.058
80.713
80.897
80.675
80.43
80.629
80.507
80.254
80.224
80.116
80.331
80.346
80.116
79.818
79.986
79.895
79.818
79.344
79.772
79.267
79.581
79.581
79.359
79.566
79.55
79.757
79.267
79.015
79.045
79.114
79.053
79.068
78.923
78.877
79
78.594
78.831
78.785
78.701
78.387
79.099
78.938
78.816
78.801
78.533
78.701
78.862
78.655
78.548
78.724
78.862
78.716
78.579
78.785
78.594
78.77
78.785
78.671
78.655
78.41
78.724
78.793
78.563
78.296
78.456
78.739
78.954
78.969
78.816
78.892
78.801
78.456
79.267
78.892
78.984
78.938
79.206
79.045
79.283
79.328
79.328
79.099
79.298
79.145
79.283
79.099
79.504
79.627
79.344
79.581
79.895
79.742
79.971
79.581
80.017
79.833
80.032
80.071
79.925
79.612
80.032
79.864
79.925
79.91
80.178
79.956
80.101
80.3
80.055
80.553
80.224
80.116
80.285
80.224
80.116
80.713
80.698
80.553
80.989
80.476
80.522
80.4
80.774
80.69
80.882
80.836
80.958
80.851
80.882
81.134
80.989
80.973
81.058
80.958
80.713
80.79
81.272
80.866
80.82
81.058
81.256
80.927
81.004
80.583
80.744
80.713
80.491
80.522
80.66
80.759
80.759
80.384
80.629
80.759
80.644
80.476
80.598
80.315
80.583
80.415
80.836
80.346
80.055
80.116
80.224
80.461
80.116
79.971
80.017
80.04
80.178
79.971
79.864
79.688
80.055
79.788
79.596
79.849
79.726
79.627
79.864
79.52
79.252
79.474
79
79.459
79.191
78.908
79.03
79.099
78.954
79.03
78.625
78.954
78.64
78.908
79.221
78.472
78.701
78.456
78.655
78.41
78.64
78.342
78.357
78.563
78.487
78.342
78.594
78.655
78.456
78.472
78.296
78.64
78.311
78.265
78.41
78.189
78.189
78.387
78.173
78.311
78.395
78.472
78.441
78.311
78.189
78.112
77.905
78.066
77.768
78.143
78.112
78.372
78.059
78.265
78.426
78.342
78.059
78.059
78.127
78.28
78.081
78.472
78.097
78.28
78.143
78.625
78.456
78.724
78.326
78.326
78.548
78.518
78.686
78.816
78.548
78.655
78.862
78.609
78.755
78.77
79.068
79.053
79.145
78.954
78.892
79.03
79.237
79.13
78.801
79.145
79.344
79.283
78.877
79.053
79.252
79.283
79.145
79.382
79.397
79.252
79.474
79.413
79.283
79.344
79.596
79.267
79.313
79.298
79.504
79.52
79.52
79.535
79.443
79.642
79.55
79.925
79.596
79.52
79.581
79.803
79.688
79.581
79.864
79.657
79.459
79.52
79.803
80.071
79.941
79.971
79.772
79.803
79.91
79.459
79.504
79.895
79.941
79.742
79.298
79.428
79.459
79.359
79.627
79.55
79.313
79.474
79.114
79.428
79.13
79.298
79.443
79.344
79.459
79.145
79.313
79.13
78.908
78.938
79.459
78.984
79.145
79.206
78.984
79.068
79.084
78.671
78.77
78.625
78.816
78.938
78.655
78.548
78.816
78.77
78.472
78.609
78.671
78.204
78.594
78.701
78.189
78.265
78.143
78.342
78.097
78.441
78.357
78.158
78.25
78.41
78.387
78.097
78.112
78.357
78.097
78.097
78.265
77.997
77.89
78.158
77.844
77.814
77.5
77.469
77.844
78.059
77.921
77.951
77.936
77.699
78.013
77.5
77.905
77.814
77.622
77.546
77.844
77.798
77.714
77.515
77.752
78.013
77.982
77.607
77.699
77.714
77.798
77.875
77.997
77.714
77.653
77.638
77.668
77.714
77.829
77.699
77.997
78.043
77.951
78.173
77.951
77.921
77.783
77.814
78.013
78.311
78.059
78.112
78.066
77.86
78.081
77.875
78.158
78.013
78.059
78.296
78.372
78.158
78.234
78.441
78.64
78.158
78.533
78.609
78.372
78.441
78.533
78.066
78.579
78.441
78.387
78.456
78.127
78.655
78.472
78.372
78.785
78.831
78.984
78.609
79.03
78.984
78.816
78.816
78.594
78.502
78.785
78.487
78.594
78.686
78.938
78.877
79.068
79.045
79.053
78.969
78.862
78.862
78.671
78.609
78.923
78.724
78.701
78.716
78.77
78.816
79.206
78.502
78.716
78.671
78.816
78.686
78.892
78.518
78.579
78.686
78.655
78.938
78.701
78.716
78.701
78.609
78.326
78.892
78.755
78.64
78.594
78.686
78.456
78.456
78.265
78.296
78.28
78.548
78.234
78.173
78.456
78.127
78.059
78.456
78.219
78.296
78.234
78.066
78.127
78.143
78.028
77.768
77.653
77.936
77.844
77.592
77.561
77.936
77.638
77.408
77.768
77.668
77.844
77.531
77.684
77.546
77.875
77.622
77.248
77.668
77.951
77.531
77.73
77.309
77.592
77.355
77.339
77.37
77.439
77.5
77.485
77.577
77.385
77.202
77.095
77.401
77.561
77.385
77.37
77.095
77.5
77.026
77.37
77.248
77.056
77.217
77.309
77.056
77.232
77.01
77.248
77.263
77.171
77.485
77.095
77.11
77.263
77.041
77.546
77.355
77.202
77.041
77.339
77.263
77.171
77.638
77.485
77.86
77.469
77.699
77.515
77.561
77.439
77.546
77.439
77.592
77.485
77.095
77.5
77.171
77.454
77.485
77.408
77.355
77.668
77.37
77.232
77.653
77.37
77.546
77.531
77.293
77.515
77.875
77.951
77.684
77.783
77.515
77.469
77.531
77.668
77.5
77.684
77.485
77.73
77.531
77.5
77.607
77.309
77.798
77.714
77.668
77.607
77.86
77.5
77.515
77.638
77.622
77.768
77.485
77.546
77.737
77.592
77.814
77.546
77.798
77.622
77.668
77.653
77.89
77.668
77.424
77.86
77.439
77.875
77.577
77.737
77.263
77.546
77.454
77.622
77.202
77.485
77.309
77.469
77.355
77.515
77.485
77.171
77.202
77.37
77.217
77.385
77.202
77.01
77.14
77.202
77.186
77.01
77.14
77.171
77.095
77.125
76.934
76.727
76.498
76.796
76.995
76.903
76.949
76.651
76.811
76.995
76.712
76.712
76.544
76.781
76.743
76.796
76.513
76.544
76.559
76.796
76.574
76.605
76.528
76.383
76.184
76.605
76.261
76.352
76.697
76.437
76.414
76.513
76.574
76.322
76.467
76.215
76.574
76.291
76.23
76.276
76.092
76.383
76.023
76.154
76.452
76.414
76.23
76.307
76.482
76.261
76.199
75.978
76.482
76.291
75.993
76.039
75.916
76.383
76.322
76.069
75.855
76.322
76.023
76.092
76.245
76.023
76.169
76.215
76.276
76.169
76.23
75.794
75.886
76.23
76.108
76.039
75.825
76.085
76.085
76.092
76.092
76.199
76.008
75.947
76.108
76.169
75.978
76.215
75.962
76.23
75.794
76.421
75.87
76.108
75.947
76.008
76.169
75.962
76.154
75.916
76.108
76.054
76.215
75.763
76.62
76.138
76.123
76.215
76.138
76.169
76.184
76.184
76.169
76.23
75.947
76.215
75.962
76.169
75.916
76.482
75.84
76.23
76.123
76.008
76.054
76.743
76.008
76.092
76.023
76.023
76.123
76.245
76.291
76.138
76.368
76.008
76.169
76.184
76.215
76.23
76.23
76.276
76.368
76.085
75.87
76.092
76.069
76.414
76.023
76.215
76.307
76.108
76.054
76.421
76.398
76.199
76.437
76.039
75.794
76.054
76.199
76.039
76.337
75.756
76.085
75.916
76.368
75.993
75.633
75.886
75.978
75.633
75.962
75.794
75.794
75.993
75.756
75.947
75.916
75.962
75.779
75.916
75.71
76.023
75.87
75.35
75.978
75.664
75.633
75.679
75.649
75.633
75.809
75.649
75.526
75.48
75.48
75.411
75.779
75.427
75.35
75.411
75.603
75.396
75.649
75.434
75.48
75.213
75.411
75.197
75.274
75.243
75.381
75.32
75.304
75.067
75.289
75.289
75.45
75.213
74.991
75.434
75.121
75.274
75.289
75.35
75.396
75.664
75.167
75.289
75.274
75.396
75.021
74.868
75.274
75.243
75.082
74.868
75.098
75.151
75.167
75.197
75.182
75.098
75.289
75.289
75.243
74.792
75.105
74.991
75.243
74.792
74.991
74.929
75.121
75.098
75.228
75.381
75.45
75.213
75.258
74.991
75.243
75.182
74.899
75.167
75.151
74.945
75.167
74.96
75.151
74.945
74.838
75.496
75.304
75.304
75.258
75.228
74.884
74.914
75.197
75.197
75.098
75.121
74.929
75.021
75.427
75.335
75.136
75.052
75.48
74.884
75.082
75.197
75.541
75.243
75.434
75.35
75.182
75.121
75.289
75.258
74.822
75.037
74.868
75.411
74.945
75.182
75.082
74.991
74.853
75.037
74.838
75.021
75.45
75.121
74.929
75.021
75.067
74.822
75.052
74.929
75.511
75.098
74.776
74.991
75.366
75.037
75.289
75.167
74.769
75.213
74.807
75.052
75.067
74.646
74.662
74.753
74.677
74.646
74.753
74.96
74.975
74.708
74.692
74.509
75.037
74.769
74.539
74.424
74.524
74.555
74.723
74.333
75.274
74.585
74.991
74.509
74.585
74.585
74.539
74.631
74.409
74.493
74.6
74.447
74.44
74.616
74.271
74.662
74.111
74.256
74.118
74.509
74.317
74.44
74.631
74.6
74.348
73.988
73.767
73.943
73.897
74.379
74.302
74.302
74.287
73.988
74.271
74.149
74.256
74.348
74.034
74.004
74.08
74.256
74.118
73.912
74.111
74.195
73.973
74.271
74.256
74.226
74.118
74.18
74.111
74.019
74.118
74.118
74.111
74.195
74.21
74.18
74.111
74.195
74.363
74.21
74.409
73.988
74.21
74.302
74.287
74.111
73.881
74.065
73.835
74.226
73.614
73.973
73.897
74.317
74.118
74.118
74.019
74.134
73.851
74.18
74.164
74.195
74.149
73.82
73.958
73.805
74.034
73.736
73.866
74.05
73.881
73.736
74.256
73.69
74.18
73.851
73.767
73.805
74.195
74.118
74.096
74.409
74.348
74.034
74.149
74.111
74.019
74.302
74.004
74.195
73.927
73.973
73.943
74.287
73.958
74.096
74.149
73.988
74.164
74.004
73.973
73.958
73.866
74.18
73.973
73.988
74.226
73.79
73.943
73.751
74.134
73.79
73.973
73.659
74.111
73.767
74.065
73.988
73.897
73.736
73.82
73.751
73.629
73.851
73.943
73.927
73.866
73.705
73.461
73.866
73.805
73.522
73.491
73.69
73.568
73.491
73.583
73.835
73.835
73.705
73.438
73.629
73.721
73.552
73.285
74.019
73.805
73.675
73.614
73.721
73.453
73.254
73.376
73.269
73.537
73.438
73.522
73.315
73.659
73.361
73.346
73.614
73.568
73.269
73.254
73.407
73.032
73.177
73.407
73.438
73.422
72.971
73.078
73.522
73.032
73.032
73.132
73.376
73.093
73.063
73.285
73.223
73.093
73.177
73.162
73.315
73.208
73.147
73.285
73.162
73.001
73.032
73.285
72.864
72.818
73.001
72.803
73.162
73.269
73.476
72.925
72.749
72.673
72.91
72.78
72.986
72.688
72.818
72.818
72.864
72.833
72.818
72.971
72.833
72.688
72.458
72.642
72.864
72.718
72.673
72.489
72.627
72.596
72.642
72.55
72.864
72.894
72.52
72.971
73.017
73.109
72.971
72.642
72.925
72.627
72.818
72.611
72.627
72.359
72.673
72.642
72.596
72.565
72.627
72.458
72.848
72.451
72.42
72.642
72.581
72.535
72.359
72.734
72.489
72.596
72.627
73.124
72.55
72.833
72.565
72.879
72.642
72.688
72.833
72.94
72.764
72.535
72.749
72.282
72.581
72.328
72.565
72.344
72.611
72.925
72.688
72.673
72.581
72.344
72.03
72.627
72.045
72.16
72.925
72.298
72.344
72.129
72.565
72.749
72.374
72.282
72.267
72.236
72.52
72.191
72.298
72.06
72.313
72.313
71.907
72.175
72.129
72.076
72.298
72.42
72.581
71.862
71.892
72.42
72.206
72.045
72.076
72.06
71.969
72.16
72.129
72.03
71.64
71.655
71.862
71.64
72.145
72.045
72.106
72.122
71.762
72.076
71.747
71.701
71.548
71.777
72.221
71.846
72.03
71.701
71.716
72.015
71.999
71.609
71.831
72.015
71.999
71.846
71.777
71.594
71.517
71.64
71.265
71.862
71.372
71.732
71.295
71.563
71.487
71.311
71.563
71.716
71.67
71.64
71.548
71.716
71.892
71.341
71.877
71.326
71.502
71.464
71.64
71.204
71.533
71.28
71.341
71.686
71.563
71.517
71.548
71.777
71.686
71.219
71.25
71.624
71.265
71.387
71.135
71.311
71.448
71.326
71.158
71.372
70.936
71.448
70.982
71.043
70.997
71.028
71.104
71.043
71.028
71.058
70.982
70.89
71.326
70.966
71.089
70.951
71.219
71.326
71.357
71.135
71.188
70.997
71.028
71.188
71.104
71.142
71.119
71.403
71.104
71.295
71.142
71.219
71.135
71.089
70.936
71.142
71.188
71.219
71.265
71.142
71.135
71.158
71.058
71.142
71.135
70.745
70.997
71.295
71.074
70.982
70.76
70.936
70.5
71.311
71.043
71.058
70.936
70.951
70.921
71.234
70.997
71.104
70.653
71.089
70.966
70.982
71.012
71.173
70.76
70.982
70.622
70.844
70.607
70.859
70.653
70.951
71.028
70.729
71.104
70.561
70.607
70.637
70.89
70.653
70.37
70.4
70.653
70.951
70.247
70.607
70.263
70.775
70.683
70.546
70.4
70.385
70.859
70.546
70.729
70.416
70.5
70.431
70.37
70.385
70.5
70.729
70.729
70.477
70.025
70.37
70.607
70.668
70.263
70.416
70.484
70.4
70.592
70.622
70.484
70.309
70.293
70.056
70.186
70.041
70.561
70.683
70.546
70.102
70.668
70.477
70.232
70.247
70.339
70.477
70.056
70.247
70.515
70.477
70.025
70.14
69.949
70.232
69.995
70.201
70.247
69.857
70.232
70.025
69.857
69.827
69.788
70.025
70.041
69.888
69.758
69.903
69.742
70.041
69.842
69.543
69.727
69.827
69.827
69.872
69.819
70.071
69.322
69.995
69.696
70.01
69.559
69.819
69.696
69.475
69.712
69.475
69.727
69.964
69.857
69.62
69.872
69.964
70.155
69.949
69.842
69.758
70.071
70.431
69.934
69.605
69.727
69.949
69.498
70.056
69.758
69.712
69.857
69.788
69.635
69.651
69.383
69.513
69.398
69.322
69.559
69.62
69.513
69.727
69.322
69.444
69.543
69.842
69.857
69.827
69.245
69.635
69.62
69.681
69.352
69.543
69.13
69.475
69.291
69.245
69.429
69.383
69.413
69.245
69.306
69.054
69.26
69.459
69.398
69.069
69.146
69.26
69.039
69.245
69.169
69.26
69.276
69.459
69.146
68.572
69.306
68.977
69.214
69.023
69.23
68.947
68.855
69.322
68.817
68.855
68.71
68.901
69.054
69.184
68.771
68.832
68.633
68.817
68.648
68.648
68.817
68.786
69.008
69.1
68.84
68.962
68.71
69.459
68.526
68.84
68.365
68.832
68.648
68.931
68.243
68.771
68.503
68.694
68.694
68.35
68.679
68.618
68.755
68.755
68.618
68.886
68.396
68.426
68.587
68.648
68.541
68.84
68.572
68.679
68.618
68.273
68.457
68.082
68.228
68.212
68.243
68.648
67.692
68.35
68.488
68.335
68.289
68.289
68.182
68.097
68.648
68.319
68.426
68.511
68.113
68.71
68.228
68.396
68.426
68.143
68.35
67.914
68.426
67.99
68.228
68.335
68.212
68.273
68.35
68.197
68.097
68.212
68.258
67.899
68.128
68.304
68.258
68.289
67.899
67.738
68.396
67.899
68.021
67.738
67.853
67.899
68.197
68.159
68.159
68.036
68.381
68.082
67.83
68.097
68.258
67.96
67.944
68.335
68.113
68.174
68.319
67.799
68.097
68.143
68.289
67.975
68.036
68.113
68.021
68.182
67.944
68.319
68.082
68.082
68.006
67.975
67.96
67.929
67.799
67.83
67.99
67.96
67.707
67.707
67.914
67.516
67.753
67.853
67.554
67.868
67.899
67.47
68.243
67.883
68.113
67.96
67.83
67.83
67.631
67.753
67.914
67.409
67.99
67.784
67.631
67.677
68.273
67.631
67.99
67.501
67.707
68.021
67.631
67.554
67.769
67.585
67.57
67.661
67.524
67.554
67.485
67.516
67.585
67.287
67.363
67.332
67.631
67.524
67.501
67.516
67.631
67.256
67.225
67.692
67.485
67.631
67.317
67.646
67.692
67.784
67.44
67.378
67.6
67.332
67.348
67.287
67.378
67.394
67.631
67.554
67.585
67.095
67.723
67.47
67.44
67.241
67.065
67.241
67.317
67.111
66.858
66.858
67.378
67.47
67.271
67.424
67.363
67.141
67.08
67.21
67.034
67.195
66.988
67.095
67.424
67.256
67.049
67.08
66.912
66.828
66.927
66.927
67.003
67.187
67.08
67.256
67.049
67.003
67.241
67.08
66.843
66.766
67.034
67.111
67.08
66.958
67.21
67.241
67.049
66.751
67.003
66.942
67.225
66.958
66.881
67.332
66.973
66.896
66.843
66.766
66.613
66.782
67.08
66.376
67.003
66.736
66.896
66.69
66.644
66.644
66.812
66.69
66.407
66.613
66.912
66.72
67.141
66.766
66.674
66.3
66.238
66.613
66.644
66.376
66.958
66.659
66.346
66.644
66.208
66.422
66.552
66.705
66.552
66.751
66.567
66.613
66.552
66.69
66.453
66.613
67.034
66.644
66.927
66.782
66.613
66.674
66.659
66.866
66.437
67.034
66.644
66.782
66.629
66.468
66.858
66.483
66.422
66.881
66.078
66.736
66.33
66.483
66.529
66.376
66.69
66.124
66.583
66.468
66.437
66.185
66.269
66.139
66.346
66.208
66.3
66.437
66.139
66.223
66.33
66.3
66.223
66.284
66.062
66.33
66.315
66.468
66.346
66.3
66.514
66.223
66.139
66.208
66.032
66.315
66.376
66.2
66.154
66.361
66.108
66.223
66.3
66.238
65.955
65.986
66.223
66.093
66.269
66.139
65.871
66.185
65.909
66.2
65.925
66.139
65.971
66.238
65.871
66.17
66.093
66.361
66.376
65.841
65.986
66.124
66.093
66.17
65.596
66.001
65.94
65.971
66.139
66.017
65.795
65.909
65.925
65.871
65.971
65.68
65.909
65.871
65.718
65.642
65.313
65.626
65.871
65.971
66.124
65.733
66.254
65.688
66.032
65.971
65.718
65.841
65.611
65.733
65.879
65.596
65.749
65.94
65.672
65.749
65.359
65.542
65.856
65.466
65.718
65.596
65.374
65.374
65.091
65.749
65.328
65.703
65.313
65.542
65.565
65.642
65.611
65.611
65.596
65.596
65.405
65.703
65.481
65.565
65.405
65.672
65.496
65.512
65.688
65.313
65.466
65.512
65.213
65.542
65.466
65.313
65.512
65.328
65.251
65.527
65.183
65.542
65.389
65.466
65.764
65.512
65.565
65.076
65.374
65.221
65.236
65.542
65.374
65.251
65.688
65.328
65.672
65.733
65.642
65.03
65.152
65.611
65.198
65.718
65.657
65.596
65.527
65.343
65.359
65.45
65.466
65.527
65.657
65.389
65.542
65.282
65.137
65.297
65.359
65.282
65.435
65.198
65.512
64.854
65.251
65.282
65.121
65.297
64.984
65.221
65.198
65.183
65.481
65.374
65.374
65.121
65.389
65.183
64.892
65.282
65.06
65.091
64.838
65.221
64.701
65.297
65.152
65.198
65.198
65.152
65.359
65.076
65.251
65.198
65.359
65.03
65.405
65.045
64.792
65.03
65.183
64.777
65.251
64.907
64.854
64.923
64.869
64.731
64.578
65.03
64.923
64.892
65.06
64.999
64.923
64.509
64.869
65.03
64.701
64.716
64.685
64.494
64.938
64.762
64.479
64.716
64.731
64.854
64.479
64.54
64.509
64.433
64.578
64.563
64.326
64.639
64.639
64.808
64.655
64.54
64.433
64.372
64.387
64.448
64.731
64.196
64.494
64.326
64.387
64.226
64.073
64.356
64.234
64.594
64.341
64.341
64.326
64.356
64.135
64.249
64.28
64.295
64.027
64.341
64.226
64.295
64.387
64.15
64.012
64.165
64.509
64.027
64.012
63.982
64.043
64.027
64.15
63.775
64.31
64.058
64.027
63.997
63.836
64.012
64.211
64.089
63.897
63.897
64.104
64.356
63.851
64.249
63.92
64.15
64.089
64.089
64.073
64.012
64.448
64.234
64.165
64.165
63.982
63.936
64.15
64.135
64.226
64.027
64.058
64.211
64.073
63.813
63.821
64.027
63.92
63.982
63.591
63.668
63.461
63.897
63.415
63.851
63.637
63.729
63.622
63.806
63.76
63.522
63.744
63.538
63.897
63.461
64.089
63.446
63.92
63.4
63.729
63.668
63.568
63.568
63.308
63.576
64.027
63.714
63.415
63.607
63.461
63.775
63.446
63.836
63.369
63.369
63.324
63.507
63.607
63.431
63.522
63.507
63.568
63.4
63.431
63.354
63.775
63.622
63.576
63.369
63.056
63.507
63.369
63.224
63.492
63.591
63.538
63.668
63.194
63.148
63.209
63.477
63.461
63.431
63.086
63.538
63.148
63.04
63.163
63.239
63.148
62.918
63.01
62.62
62.88
62.995
63.163
62.742
62.995
63.262
63.148
62.979
63.01
62.91
62.995
62.849
63.071
62.918
62.757
62.91
62.413
62.949
62.62
62.757
62.788
62.65
62.918
62.91
63.117
62.581
62.865
62.918
62.727
62.849
63.209
62.413
62.681
62.52
62.933
62.62
62.834
62.712
62.551
62.696
62.474
62.321
62.62
62.52
62.52
62.383
62.383
62.337
62.367
62.666
62.26
62.566
62.635
62.49
62.742
62.383
62.62
62.696
62.459
62.536
62.681
62.589
62.428
62.367
62.474
62.62
62.666
62.099
62.604
62.291
62.413
62.635
62.52
62.666
62.566
62.505
62.398
62.459
62.352
62.383
62.115
62.49
62.306
61.992
62.207
62.383
62.069
62.191
61.908
62.352
62.367
62.099
62.191
62.084
62.321
62.069
62.099
62.069
62.176
61.847
61.977
61.946
61.725
61.992
62.145
62.13
61.862
62.536
62.054
62.207
62.306
62.222
61.962
61.962
61.617
61.771
61.862
61.992
62.291
62.099
61.946
61.38
61.931
61.962
61.977
61.893
61.74
61.579
61.878
61.595
61.977
61.878
61.816
61.426
61.564
61.832
61.602
61.931
61.755
61.801
61.679
61.725
61.579
62.054
61.503
61.503
61.786
61.786
61.801
61.648
61.893
61.602
61.663
61.143
61.709
61.617
61.518
61.602
61.38
61.595
61.617
61.189
61.25
61.595
61.266
61.365
61.426
61.549
61.472
61.38
61.487
61.273
61.334
61.595
61.595
61.755
61.304
61.342
61.35
61.595
61.365
61.304
61.319
61.235
61.266
61.158
61.365
61.082
61.319
61.021
61.158
61.128
61.021
61.319
60.99
61.005
61.304
61.289
61.143
61.204
61.097
61.273
61.174
61.442
60.891
61.426
60.975
61.174
60.99
61.22
61.158
60.921
60.875
60.937
61.22
60.768
61.097
60.577
61.082
60.646
60.944
60.799
60.99
60.96
61.426
61.097
60.99
60.875
60.845
60.944
60.921
61.051
60.424
61.143
60.562
60.891
60.784
60.96
60.692
60.531
60.86
60.661
60.661
60.516
60.891
60.501
60.692
60.692
60.722
60.562
60.86
60.661
60.875
60.661
60.738
60.676
60.577
60.937
60.378
60.799
60.08
60.126
60.302
60.738
60.47
60.799
60.631
60.784
60.317
60.501
60.646
60.485
60.577
60.646
60.562
60.592
60.485
60.363
60.738
60.592
60.768
60.332
60.363
60.263
60.378
60.531
60.6
60.455
60.799
60.562
60.501
60.631
60.332
60.348
60.172
60.409
60.424
60.577
59.957
60.768
60.393
60.516
60.156
60.263
60.378
60.332
60.455
60.302
60.348
60.317
60.302
60.302
60.126
60.263
60.286
60.095
60.424
60.455
60.263
60.11
60.302
60.248
60.187
60.11
59.659
60.546
59.827
60.455
59.843
60.141
60.003
60.485
59.858
60.049
59.873
59.919
60.064
59.797
60.11
59.873
59.766
59.498
59.858
59.957
59.934
59.858
59.888
59.797
59.812
59.812
59.644
59.613
59.858
59.843
59.751
59.973
59.827
59.827
59.605
59.934
59.858
59.613
60.003
59.781
59.628
60.034
59.766
60.064
59.575
59.781
59.59
59.705
59.644
59.628
59.751
59.315
59.559
59.59
59.605
59.751
59.644
59.705
59.468
59.72
59.934
59.644
59.674
59.559
59.605
59.659
59.437
59.498
59.437
59.781
59.514
59.735
59.559
59.766
59.514
59.812
59.437
59.559
59.705
59.544
59.781
59.498
59.345
59.047
59.33
59.299
59.261
59.613
59.468
59.483
59.33
59.468
59.437
59.559
59.276
59.514
59.231
59.2
59.108
58.886
59.246
58.955
59.261
58.932
59.154
59.032
59.361
59.345
59.2
59.07
59.185
59.185
59.315
59.345
58.703
59.062
58.764
59.108
59.345
58.917
59.154
58.947
58.932
58.955
59.246
59.062
59.001
59.108
59.231
59.032
58.97
59.246
58.986
59.169
59.032
58.97
58.97
58.749
58.955
59.062
59.032
59.093
59.231
59.016
58.626
58.856
59.093
59.169
58.657
58.932
58.703
59.093
58.45
59.016
58.986
58.764
59.062
58.902
58.718
59.016
58.733
59.032
58.955
58.779
58.955
58.703
58.947
58.955
58.84
59.2
58.947
58.825
58.955
58.81
58.84
58.794
58.618
58.764
58.718
59.078
58.557
58.733
58.733
58.657
58.871
58.641
58.672
58.764
58.718
58.626
58.641
58.672
58.312
58.358
58.603
58.435
58.672
58.733
58.573
58.45
58.435
58.856
58.764
58.779
58.718
58.932
58.794
58.794
58.573
58.542
58.42
58.672
58.618
58.626
58.358
58.45
58.198
58.343
58.389
58.542
58.573
58.312
58.641
58.718
58.871
58.542
58.618
58.733
58.641
58.81
58.626
58.312
58.641
58.641
58.573
58.687
58.641
58.557
58.496
58.626
58.481
58.404
58.343
58.588
58.182
58.358
58.465
58.198
58.228
58.358
58.297
58.244
58.618
58.312
58.274
58.244
58.358
58.29
58.465
58.297
58.481
58.182
58.198
58.435
58.06
58.328
58.358
58.075
58.228
58.404
58.244
58.274
57.961
58.29
58.045
58.152
57.999
58.167
58.198
58.29
58.274
57.915
58.167
58.259
58.29
58.274
58.45
58.106
57.961
58.167
58.121
57.999
58.091
58.075
57.777
57.853
58.121
57.7
57.838
57.899
57.945
57.915
57.999
57.838
57.93
57.869
57.586
57.853
58.106
57.655
57.869
57.7
57.999
58.106
57.899
58.198
58.06
57.999
58.198
58.106
58.075
58.029
58.029
57.884
58.014
57.746
57.915
57.945
58.06
58.136
57.961
57.792
57.945
57.945
57.716
58.014
58.045
57.915
57.915
57.961
57.983
57.869
58.06
57.945
57.869
57.93
58.106
57.792
57.639
57.838
57.838
57.655
57.915
57.792
57.731
57.632
58.045
57.792
57.884
57.823
57.808
57.716
57.7
57.762
57.555
57.486
57.448
57.57
57.762
57.7
57.57
57.655
57.387
57.586
57.968
57.601
57.479
57.54
57.555
57.731
57.433
57.601
57.54
57.524
57.67
57.341
57.387
57.479
57.67
57.792
57.616
57.448
57.777
57.632
57.639
57.67
57.272
57.241
57.479
57.586
57.287
57.241
57.448
57.448
57.586
57.433
57.042
57.417
57.211
57.402
57.226
57.371
57.211
57.356
57.104
57.012
57.371
57.088
57.15
57.15
57.433
57.134
57.088
57.088
56.943
57.257
57.165
57.479
57.387
57.211
57.073
57.012
56.713
57.119
57.15
56.928
57.134
57.012
56.974
56.943
57.241
57.104
56.928
56.821
56.974
57.18
57.012
57.402
57.15
57.15
57.058
57.287
56.867
57.012
56.974
56.729
56.683
56.897
57.042
56.698
57.119
56.974
56.958
56.897
56.79
56.729
56.882
56.652
56.744
56.821
57.088
56.943
56.568
56.897
56.446
56.882
57.18
57.012
57.134
56.775
56.821
56.974
56.851
56.897
56.867
57.18
56.645
56.79
56.744
56.775
56.974
56.821
56.997
56.683
56.897
56.744
56.943
56.912
56.897
56.958
56.805
57.027
56.974
56.851
56.897
57.104
56.974
56.645
56.882
56.744
56.476
56.698
56.522
56.759
56.599
56.538
56.775
57.027
56.553
56.683
56.507
56.775
56.759
56.285
56.645
56.629
56.507
56.614
56.668
56.461
56.507
56.3
56.652
56.43
56.614
56.713
56.928
56.652
56.369
56.461
56.369
56.507
56.981
56.492
56.553
56.553
56.178
56.538
56.254
56.101
56.43
56.086
56.415
56.209
56.04
56.339
56.239
56.27
56.056
56.4
56.163
56.04
56.323
56.354
56.224
56.163
56.461
56.178
56.27
56.178
56.101
56.01
56.178
56.354
56.178
56.369
56.285
56.369
55.994
56.354
56.071
56.316
55.925
56.507
56.178
56.178
55.772
56.254
55.91
56.117
56.507
56.071
56.285
55.925
56.117
55.91
55.895
55.925
55.803
56.385
56.056
56.025
56.132
56.193
55.665
56.025
56.147
56.614
56.071
56.01
56.239
56.086
56.04
56.339
56.04
55.757
55.91
55.994
55.895
55.956
55.696
55.979
55.849
55.742
55.895
55.864
55.971
56.086
55.834
55.987
55.925
55.612
55.727
55.849
55.711
55.627
55.91
55.818
55.88
55.925
55.956
55.803
55.727
56.056
55.597
55.834
55.711
55.696
55.849
55.52
55.627
55.658
55.566
55.818
55.665
55.681
55.925
55.474
55.665
55.757
55.13
55.444
55.237
55.52
55.642
55.642
55.474
55.597
55.329
55.336
55.428
55.413
55.413
55.505
55.52
55.367
55.428
55.535
55.535
55.428
55.489
55.191
55.444
55.237
55.474
55.252
55.069
55.398
55.505
55.535
55.336
55.459
55.459
55.329
55.566
55.352
55.336
55.069
55.268
55.176
55.145
55.069
55.13
55.13
55.413
55.176
54.954
55.13
55.099
55.023
55.053
55.053
55.283
55.313
55.038
54.969
55.145
55.191
55.099
55.099
55.053
55.023
54.847
54.923
55.038
55.206
55.268
54.847
54.984
54.923
54.923
55.268
54.724
55.206
55.069
54.984
55.206
54.877
54.755
54.831
54.801
55.283
54.969
54.969
54.908
54.801
54.923
55
54.847
54.908
54.862
54.862
54.625
54.755
54.755
54.709
54.801
54.564
54.847
54.518
54.671
54.441
54.655
54.502
54.548
54.724
54.472
54.38
54.411
54.694
54.786
54.877
54.801
54.625
54.655
54.755
54.755
54.533
54.655
54.564
54.426
54.395
54.457
54.801
54.38
54.502
54.457
54.487
54.38
54.411
54.38
54.365
54.219
54.365
54.174
54.38
54.472
54.64
54.097
54.74
54.327
54.235
54.365
54.64
54.579
54.533
54.502
54.327
54.365
54.426
54.502
54.411
54.174
54.755
54.311
54.25
54.411
54.533
54.128
54.066
54.036
54.38
54.327
54.472
54.189
54.219
54.25
54.265
54.564
54.265
54.395
54.189
53.998
53.998
54.296
54.066
53.952
54.219
53.936
53.967
54.082
54.311
54.097
54.021
53.967
54.296
54.158
53.89
54.097
53.967
53.906
54.051
53.829
54.013
53.845
53.814
53.967
53.921
53.86
54.013
53.783
53.753
53.936
53.86
53.707
53.921
54.112
53.638
54.013
54.013
53.829
53.845
54.143
53.845
53.592
53.799
53.952
53.852
53.669
53.737
53.799
53.592
53.875
53.692
53.783
53.684
53.653
53.86
53.34
53.393
53.607
53.799
53.799
53.722
53.546
53.669
53.263
53.623
53.5
53.669
53.845
53.546
53.737
53.707
53.692
53.692
53.577
53.952
53.531
53.707
53.722
53.638
53.638
53.439
53.592
53.408
53.34
53.516
53.89
53.378
53.707
53.485
53.546
53.424
53.653
53.408
53.378
53.187
53.363
53.454
53.408
53.171
53.454
53.516
53.309
53.232
53.561
53.408
53.309
53.424
53.607
53.049
53.324
53.202
53.064
53.064
52.904
53.378
53.378
53.187
53.095
53.607
53.232
53.202
53.171
52.827
53.064
53.278
53.049
53.355
53.064
53.095
53.125
53.232
53.049
53.378
52.888
52.919
53.34
53.171
53.378
52.934
52.98
52.888
53.156
52.904
52.697
53.156
52.888
53.125
53.11
53.11
53.202
53.095
52.766
52.858
53.079
52.934
52.873
53.011
52.827
52.995
52.934
52.934
53.095
52.888
52.796
52.873
52.307
52.812
52.498
52.766
52.62
52.544
52.72
52.697
52.858
52.651
52.307
52.904
52.636
52.735
52.98
52.735
52.697
52.781
52.605
52.467
52.559
52.559
52.422
52.575
52.605
52.322
52.705
52.651
52.039
52.605
52.705
52.59
52.682
52.452
52.751
52.636
52.23
52.322
52.651
52.72
52.483
52.246
52.406
52.705
52.529
52.368
52.276
52.59
52.529
52.651
52.636
52.72
52.697
52.735
52.827
52.529
52.422
52.666
52.008
52.353
52.529
52.559
52.337
52.544
52.575
52.406
52.437
52.605
52.575
52.513
52.651
52.23
52.322
52.452
52.391
52.452
52.651
52.529
52.2
52.452
52.215
52.276
52.261
52.261
52.077
52.062
52.184
52.047
51.748
52.138
52.422
52.062
52.184
52.376
52.169
52.108
52.039
52.184
52.452
52.169
52.437
52.169
52.337
52.039
52.008
52.291
51.963
52.184
52.062
52.093
51.84
52.138
51.84
52.039
51.825
51.794
51.871
51.993
52.23
51.825
52.123
51.947
51.748
51.695
52.108
51.679
51.855
51.947
51.963
51.695
52.093
51.764
51.825
51.664
51.993
51.932
51.496
51.947
51.526
51.901
51.779
51.84
51.649
51.733
52.184
51.901
52.047
51.809
51.649
51.71
52.246
52.024
51.932
51.901
51.855
51.825
51.634
51.84
51.748
51.557
51.917
51.794
51.963
51.871
51.695
51.618
51.496
51.886
51.664
51.779
51.993
51.886
52.039
51.794
51.809
51.634
51.664
52.039
52.062
52.062
51.901
51.419
51.588
51.526
51.71
51.748
51.695
51.718
51.855
51.649
51.588
51.481
51.511
51.603
51.764
51.618
51.35
52.047
51.695
51.572
51.435
51.764
51.259
51.481
51.213
51.542
51.496
51.259
51.481
51.243
51.963
51.289
51.588
51.649
51.152
51.389
51.419
51.35
51.557
51.35
51.748
51.718
51.419
51.435
51.618
51.526
51.481
51.779
51.45
51.649
51.679
51.496
51.603
51.335
51.511
51.404
51.228
51.228
51.419
51.809
51.764
51.679
51.435
51.572
51.603
51.45
51.35
51.052
51.106
51.366
51.305
51.09
51.496
51.496
51.588
51.389
51.481
51.366
51.526
50.991
51.32
51.06
51.121
51.481
51.465
51.228
51.32
51.274
51.182
51.274
51.197
51.259
51.419
51.006
51.09
51.052
50.93
51.052
51.09
50.884
50.761
51.404
50.868
50.991
51.152
51.335
51.037
51.404
50.93
51.404
51.305
50.914
51.09
51.167
51.167
51.167
51.213
50.884
50.708
50.991
50.93
51.289
51.121
51.037
51.09
50.838
51.136
50.899
51.06
50.914
50.761
50.838
51.167
51.182
50.792
50.708
51.435
51.167
50.662
51.006
50.884
51.037
51.289
51.052
50.93
50.731
50.463
50.647
50.631
50.93
50.478
50.853
50.761
50.555
50.746
50.868
50.807
51.037
50.823
50.976
50.899
50.838
51.381
51.152
50.823
50.792
50.868
50.723
51.052
51.243
50.823
50.708
50.693
50.93
51.075
51.274
50.616
50.976
50.746
50.868
50.914
50.555
51.06
50.868
51.052
50.96
50.945
50.945
50.884
50.93
51.052
50.601
50.708
50.761
50.585
50.54
50.723
50.723
50.647
50.976
50.914
50.601
50.601
50.478
50.884
50.761
50.647
50.631
50.631
50.54
50.494
50.647
50.853
50.631
50.723
50.57
50.494
50.823
50.677
50.631
50.54
50.723
50.647
50.555
50.708
50.57
50.394
50.723
50.616
50.708
50.402
50.662
50.57
50.57
50.731
50.432
50.601
50.394
50.631
50.708
50.792
50.463
50.509
50.448
50.509
50.432
50.103
50.524
50.601
50.18
50.57
50.287
50.524
50.256
50.509
50.302
50.302
50.256
50.287
50.348
50.478
50.394
50.333
50.348
50.432
50.647
50.448
50.509
50.631
50.585
50.318
50.256
50.448
50.364
50.478
50.348
50.318
50.585
50.272
50.631
49.973
50.195
50.287
49.958
50.241
50.394
50.119
49.774
49.866
50.019
50.088
50.119
50.241
50.287
50.05
49.958
50.035
50.119
50.035
50.226
50.103
50.05
49.79
50.18
49.912
49.866
50.05
50.019
50.302
49.79
50.18
49.897
49.958
49.989
49.851
50.004
49.82
49.66
49.927
49.721
49.583
49.882
49.583
49.774
49.927
49.744
49.614
49.82
49.912
50.103
49.866
49.69
49.882
49.973
49.377
49.415
49.805
49.958
49.706
49.614
49.614
49.598
49.66
49.537
49.553
49.759
49.614
49.69
49.836
49.568
49.882
49.43
49.675
49.476
49.476
49.568
49.675
49.644
49.491
49.445
49.445
49.27
49.736
49.346
49.377
49.598
49.361
49.537
49.43
49.315
49.553
49.598
49.445
49.445
49.43
49.461
49.43
49.445
49.629
49.239
49.285
49.583
49.461
49.415
49.415
49.392
49.346
49.078
49.614
49.178
49.507
49.445
49.377
49.285
49.377
49.507
49.3
49.331
49.162
49.224
49.407
49.3
49.27
49.117
49.377
49.583
49.43
49.3
49.27
49.27
49.315
49.224
49.43
49.208
49.598
49.445
49.315
49.407
49.132
49.507
49.598
49.415
49.392
49.315
49.254
49.346
49.178
49.208
49.002
49.162
49.101
49.101
48.818
49.392
49.208
49.078
49.193
49.078
49.239
49.063
48.91
48.803
49.162
49.377
48.788
49.3
49.361
48.719
48.895
48.749
48.703
49.032
48.971
49.407
49.162
49.017
49.086
48.971
49.208
48.895
48.986
48.925
49.3
48.91
49.063
48.925
49.017
48.902
49.208
48.703
49.086
49.101
48.688
49.048
48.703
48.849
48.879
48.895
48.925
48.864
48.971
48.971
48.612
48.895
48.474
48.688
49.017
48.879
48.788
48.818
48.956
49.048
48.986
48.734
48.971
48.459
48.833
48.864
48.864
48.734
48.757
48.642
48.772
48.986
48.833
48.52
49.086
48.734
48.596
48.596
48.749
48.612
48.642
48.879
48.803
48.749
48.566
48.52
48.405
48.52
48.443
48.566
48.474
48.52
48.55
48.642
48.413
48.627
48.39
48.39
48.459
48.428
48.252
48.237
48.206
48.627
48.459
48.52
48.642
48.298
48.443
48.359
48.221
48.405
48.581
48.566
48.566
48.413
48.252
48.703
48.734
48.328
48.328
48.627
48.405
48.252
48.52
48.474
48.39
48.504
48.191
48.16
48.428
48.252
47.908
48.443
48.267
48.252
48.642
48.428
48.237
48.298
48.114
48.16
48.221
48.252
48.328
48.443
48.145
48.374
47.862
48.283
47.816
48.114
48.084
48.015
48.283
47.984
48
47.938
48.206
47.747
48.099
47.831
47.686
47.816
47.938
47.938
47.831
48.015
48.015
48.114
48.03
47.877
47.862
47.716
47.831
47.785
47.969
47.755
47.862
47.923
48.076
47.755
47.785
48.084
47.77
47.801
48.045
47.77
48.237
47.877
47.816
47.77
47.77
47.801
47.609
47.816
47.671
48.221
48.099
47.594
48
47.701
47.908
47.923
47.747
47.831
47.701
47.785
47.64
47.747
47.502
47.594
47.747
47.64
47.64
47.403
47.234
47.472
47.418
47.311
47.548
47.487
47.143
47.472
47.418
47.64
47.426
47.816
47.296
47.143
47.089
46.982
47.342
47.25
46.982
47.441
47.112
47.441
47.097
47.311
47.456
47.265
47.296
47.234
47.518
47.219
47.548
47.059
47.204
47.296
47.372
47.342
47.219
47.579
47.533
47.296
47.234
47.28
47.28
47.456
47.326
47.265
47.204
47.219
47.487
47.158
47.326
47.234
47.234
47.189
47.189
47.127
47.342
47.089
47.112
47.265
47.158
46.951
47.158
47.028
46.668
46.967
46.921
46.921
46.622
46.844
46.73
46.699
47.189
46.951
47.097
46.99
46.814
47.143
46.905
46.921
47.189
47.097
46.73
46.967
46.905
46.89
46.982
46.745
46.76
46.967
46.875
47.028
47.013
46.745
46.951
46.844
47.059
46.607
46.829
46.561
46.714
46.73
46.936
46.699
46.592
46.829
46.89
46.86
46.814
46.783
46.668
46.768
46.86
47.097
46.668
46.638
46.431
46.561
46.86
46.5
46.76
46.76
46.783
46.875
46.5
46.5
46.5
46.607
46.431
46.577
46.561
46.714
46.592
46.699
46.546
46.607
46.5
46.385
46.592
46.684
46.844
46.401
46.515
46.622
46.355
47.013
46.638
46.546
46.76
46.745
46.469
46.531
46.668
46.401
46.73
46.485
46.232
46.5
46.293
46.607
46.668
46.546
46.232
46.263
46.5
46.699
46.454
46.546
46.072
46.293
46.653
46.14
46.248
46.485
46.309
46.355
46.355
46.385
46.156
46.309
46.401
46.293
46.355
45.995
46.171
46.01
46.577
46.102
46.087
46.14
46.11
46.217
46.156
46.217
45.934
46.324
46.293
46.232
46.278
46.309
45.98
46.14
46.056
45.811
45.919
46.01
46.102
46.293
46.026
46.263
46.202
45.919
45.857
46.01
46.056
45.873
45.903
45.98
45.857
45.949
46.11
45.903
45.842
45.781
45.681
46.072
45.98
45.781
46.026
46.026
45.498
45.743
45.98
45.758
46.026
45.995
45.758
46.041
45.681
46.186
45.697
45.666
45.636
45.62
45.796
45.773
45.727
45.636
46.026
45.605
45.498
45.743
45.681
45.964
45.758
45.811
46.102
45.559
45.712
45.59
45.605
45.934
45.513
45.796
45.712
45.919
45.727
45.727
45.727
45.681
45.773
45.888
45.528
45.368
45.666
45.842
45.712
45.888
45.467
45.636
45.605
45.781
45.467
45.712
45.888
45.651
45.873
45.574
45.429
45.681
45.59
45.352
45.697
45.636
45.605
45.903
45.59
45.559
45.528
45.544
45.574
45.429
45.528
45.414
45.291
45.666
45.276
45.666
45.368
45.467
45.712
45.62
45.544
45.429
45.276
45.291
45.352
45.352
45.414
45.154
45.482
45.368
45.23
45.23
45.59
45.215
45.544
45.544
45.138
45.085
45.322
45.138
45.184
45.154
45.215
45.352
45.261
45.528
45.276
45.513
45.513
45.666
45.498
45.383
45.414
45.574
45.245
45.452
45.23
45.322
45.115
45.199
45.184
45.307
45.307
45.291
45.383
45.23
45.337
45.544
45.337
45.414
45.444
45.23
45.199
45.1
45.429
45.337
45.085
45.138
45.199
45.276
45.276
45.154
45.1
44.901
45.23
45.291
44.978
44.947
45.069
45.115
44.87
44.932
44.962
44.916
44.916
44.855
45.199
45.199
45.467
45.008
45.069
45.154
44.771
44.901
44.993
45.054
45.069
45.069
45.039
44.786
45.291
44.962
44.756
45.1
44.771
45.215
44.932
45.023
45.199
45.184
44.794
44.978
44.993
45.115
45.138
45.023
44.587
44.947
44.947
45.085
45.054
45.023
44.771
44.855
45.154
44.916
44.664
44.664
44.87
44.886
44.794
44.411
44.396
44.694
44.48
44.962
44.771
44.465
44.442
44.664
44.633
45.054
44.304
44.74
44.794
44.71
44.541
44.932
44.84
44.74
44.771
44.465
44.794
44.725
44.541
44.274
44.618
44.442
44.679
44.541
44.786
44.633
44.457
44.557
44.465
44.679
44.725
44.304
44.664
44.411
44.167
44.557
44.649
44.366
44.725
44.366
44.496
44.679
44.228
44.366
44.48
44.48
44.809
44.167
44.32
44.258
44.457
44.603
44.572
44.32
44.258
44.411
44.557
44.427
44.48
44.396
44.679
44.465
44.381
44.526
44.541
44.511
44.511
44.381
44.381
44.496
44.335
44.427
44.427
44.182
44.197
44.289
44.021
44.396
44.366
44.511
44.442
44.526
44.496
44.197
44.213
44.725
44.335
44.136
44.411
44.228
44.082
44.427
44.304
44.396
44.32
44.289
44.113
44.128
44.151
44.067
44.366
44.228
44.618
44.289
44.335
44.182
44.213
44.136
43.96
44.197
44.526
43.975
44.098
44.48
44.258
44.411
44.71
44.258
44.396
44.213
43.945
44.496
44.136
44.082
44.151
44.427
44.006
44.335
44.167
43.991
44.021
44.304
44.098
44.067
44.258
44.113
44.167
44.021
44.128
43.884
44.128
44.167
44.082
44.052
44.167
44.037
43.884
44.067
44.113
43.991
43.96
44.006
44.128
43.975
43.853
43.96
44.021
43.96
44.151
43.975
44.274
43.945
43.723
44.197
43.753
43.616
44.037
44.067
44.113
43.991
43.929
44.197
44.128
44.006
44.037
43.807
43.899
44.052
43.96
43.738
43.799
43.822
43.692
43.784
43.6
43.975
43.738
43.708
43.708
43.478
43.662
43.692
43.769
43.945
43.822
43.853
43.6
43.478
43.807
43.708
43.799
43.799
43.799
43.807
43.784
43.899
43.822
43.708
43.585
43.838
43.899
43.509
43.57
43.769
43.769
43.708
43.57
43.784
43.868
43.692
43.769
43.677
43.708
43.692
43.899
43.394
43.509
43.799
43.646
43.493
43.478
43.784
43.21
43.708
43.585
43.317
43.708
43.539
43.631
43.6
43.524
43.47
43.47
43.555
43.478
43.302
43.394
43.493
43.287
43.195
43.47
43.478
43.096
43.425
43.44
43.585
43.019
43.509
43.509
43.455
43.425
43.646
43.348
43.493
43.478
43.455
43.271
43.126
43.256
43.164
43.317
43.18
43.302
43.425
43.509
43.141
43.555
43.317
43.333
43.455
43.271
43.21
43.287
43.05
43.317
43.333
43.509
43.363
43.47
43.111
43.317
43.348
43.271
43.271
43.333
43.256
43.585
43.44
43.05
43.455
43.065
43.21
42.988
43.226
43.195
43.019
43.302
43.18
43.126
43.111
43.08
43.44
43.256
43.333
42.973
43.034
43.226
43.256
43.08
43.256
42.851
43.363
42.797
43.226
43.226
42.629
42.866
42.797
42.943
42.82
42.812
42.866
42.927
42.958
43.004
42.552
42.522
43.05
43.019
42.927
42.897
42.851
42.675
42.797
42.958
42.629
42.866
42.659
42.881
42.797
42.644
43.08
42.897
43.05
43.034
42.881
42.82
42.614
42.392
42.659
42.866
42.797
42.675
42.851
42.491
42.659
42.897
42.897
42.912
42.736
42.705
42.491
42.659
42.69
42.751
42.736
42.767
42.552
42.767
42.629
42.751
42.568
42.552
42.767
42.82
42.644
42.69
42.69
42.568
42.751
42.943
42.767
42.881
42.927
42.568
42.422
42.552
42.468
42.285
42.644
42.483
42.33
42.453
42.721
42.675
42.353
42.407
42.453
42.33
42.361
42.69
42.491
42.162
42.438
42.392
42.506
42.239
42.3
42.254
42.438
42.522
42.721
42.537
42.422
42.269
42.614
42.438
42.346
42.782
42.751
42.361
42.269
42.047
42.017
42.193
42.506
42.361
42.361
42.751
42.254
42.491
42.438
42.392
42.422
42.506
42.629
42.552
42.376
42.614
42.392
42.568
42.239
42.33
42.346
42.315
42.193
42.361
42.3
42.208
42.3
42.285
42.315
42.346
42.124
42.483
42.063
42.155
42.614
42.438
42.438
42.109
42.155
42.208
42.124
42.522
42.139
42.285
42.047
42.155
42.002
42.177
42.376
42.109
42.109
42.162
42.002
42.093
41.971
42.078
42.376
41.81
41.688
41.826
42.032
41.826
42.162
41.864
42.017
42.223
42.155
41.703
41.795
41.879
42.047
41.986
41.864
41.94
41.764
41.879
41.848
42.047
42.139
42.078
41.497
41.673
41.971
41.971
41.925
41.864
41.956
41.826
41.611
41.55
41.642
41.956
41.627
41.627
41.42
41.673
41.879
41.734
41.81
41.688
41.864
41.481
41.673
41.734
41.795
41.535
41.749
41.718
41.657
41.642
41.734
41.673
41.535
41.894
41.78
41.481
41.642
41.703
41.581
41.673
41.565
41.596
41.688
41.734
41.405
41.848
41.971
41.504
41.627
41.535
41.374
41.642
41.282
41.497
41.451
41.535
41.206
41.359
41.045
41.435
41.221
41.42
41.298
41.03
40.969
41.106
41.168
41.405
41.497
41.298
41.481
41.206
41.106
41.405
41.015
41.435
41.535
41.42
41.175
41.497
41.55
41.55
41.405
41.122
41.389
41.42
41.504
41.497
41.374
41.168
40.999
41.122
40.969
41.236
40.923
41.252
41.405
41.236
41.122
41.206
41.359
41.168
41.106
41.168
41.191
41.328
41.175
41.152
41.313
41.076
41.045
40.892
41.42
40.969
40.999
40.969
40.808
40.839
40.953
40.823
40.999
40.762
41.236
41.137
41.137
40.892
41.282
41.504
41.06
41.206
40.624
40.839
41.076
40.862
41.03
41.06
40.823
40.877
41.221
40.777
40.892
40.938
40.969
40.846
40.701
40.862
40.655
40.686
40.961
40.823
40.969
40.579
40.533
40.624
40.594
40.716
40.67
40.341
40.762
40.762
40.862
40.892
40.563
40.517
40.67
40.64
40.67
40.716
40.594
40.747
40.418
40.823
40.64
40.701
40.418
40.51
40.563
40.862
40.701
40.517
40.732
40.548
40.594
40.089
40.204
40.548
40.372
40.548
40.433
40.839
40.357
40.533
40.533
40.579
40.579
40.64
40.655
40.533
40.204
40.265
40.464
40.372
40.67
40.548
40.387
40.387
40.265
40.043
40.219
40.311
40.165
40.594
40.479
40.15
40.265
40.219
40.043
40.135
40.403
40.15
39.966
40.295
40.074
39.982
40.25
40.372
40.181
40.181
40.326
40.448
40.104
40.341
40.25
40.028
40.533
40.181
40.204
40.433
40.165
40.165
40.043
40.265
40.295
40.15
40.265
40.25
39.951
40.219
40.326
40.204
39.76
40.326
40.341
40.188
40.25
40.135
40.15
40.058
39.997
40.15
40.104
40.311
39.859
40.058
40.181
40.15
40.119
39.982
39.982
40.135
40.341
39.905
40.028
39.875
40.135
39.806
39.745
40.25
39.821
39.821
39.997
39.905
40.012
39.714
39.806
39.921
39.852
39.997
39.699
39.806
39.836
39.859
39.921
40.089
39.997
39.852
39.637
40.012
39.806
39.806
39.592
39.462
39.905
39.79
39.859
39.446
39.745
39.836
39.852
39.462
39.637
39.905
39.714
39.921
39.89
39.859
39.997
39.875
39.821
39.89
39.592
39.859
39.714
39.729
39.431
39.79
39.76
39.806
39.714
39.714
39.806
39.821
39.637
39.637
39.76
39.446
40.012
39.446
39.875
39.637
39.462
39.431
39.683
39.745
39.806
39.385
39.546
39.431
39.431
39.905
39.653
39.354
39.859
39.79
39.699
39.852
39.492
39.622
39.653
39.653
39.446
39.637
39.576
39.4
39.729
39.622
39.683
39.806
39.507
39.523
39.339
39.462
39.622
39.714
39.622
39.507
39.431
39.4
39.637
39.217
39.592
39.416
39.263
39.416
39.523
39.523
39.576
39.745
39.507
39.561
39.53
39.546
39.163
39.431
39.247
39.263
39.087
39.087
39.477
38.918
39.194
39.247
38.98
39.263
39.362
39.117
39.309
39.194
39.01
39.278
39.201
39.324
39.263
39.232
39.194
39.01
39.278
39.041
39.087
39.293
39.232
38.819
39.309
39.01
38.949
39.194
39.263
39.232
39.232
39.133
39.247
39.4
39.37
38.964
38.934
39.148
39.201
39.041
39.278
39.247
38.773
39.117
38.872
39.117
39.178
38.918
39.163
38.918
39.087
39.148
39.148
39.087
39.339
39.041
39.133
38.865
38.872
39.178
38.995
39.025
38.888
39.309
38.773
38.98
38.727
38.819
39.025
39.087
39.041
38.98
38.742
39.056
39.056
39.201
38.872
38.888
39.01
38.865
38.865
39.201
38.727
38.758
38.872
38.804
38.742
38.865
38.949
38.819
39.232
38.543
38.788
38.559
39.071
38.773
38.651
39.117
38.934
38.696
39.102
38.681
38.949
38.712
38.49
38.849
38.696
38.727
38.62
39.041
38.834
38.589
38.727
38.819
38.872
38.521
38.834
38.918
38.888
38.536
38.788
38.666
38.605
38.819
39.071
38.773
39.071
38.727
38.666
38.849
38.849
38.62
38.26
38.773
38.651
38.666
38.635
38.696
38.727
38.742
38.62
38.536
38.804
38.666
38.666
38.635
38.666
38.681
38.505
38.773
38.23
38.398
38.543
38.49
38.681
38.536
38.651
38.742
38.819
38.964
38.872
38.543
38.651
38.712
38.681
38.742
38.666
38.696
38.934
38.696
38.681
38.536
38.176
38.742
38.788
38.161
38.192
38.429
38.681
38.505
38.834
38.712
38.49
38.521
38.666
38.804
38.742
38.834
39.133
38.758
38.849
38.635
38.666
38.681
38.536
38.865
38.834
38.543
38.903
38.429
38.934
38.773
38.651
38.834
38.742
38.543
38.605
38.758
38.696
38.804
38.62
38.742
38.666
38.849
38.819
38.727
38.475
38.589
38.651
38.505
38.635
38.543
38.429
38.543
38.559
38.742
38.918
38.681
38.574
38.995
38.574
38.696
38.773
38.475
38.536
38.681
38.635
38.521
38.429
38.574
38.23
38.505
38.322
38.429
38.521
38.521
38.696
38.413
38.413
38.291
38.291
38.337
38.696
38.49
38.49
38.413
38.444
38.26
38.26
38.161
38.49
38.574
38.551
38.23
38.475
38.413
38.413
38.727
38.192
38.276
38.367
38.207
38.322
38.444
38.505
38.398
38.49
38.214
38.444
38.207
38.291
38.26
38.069
38.214
38.306
38.337
38.26
38.26
38.23
38.207
38.306
38.039
38.245
38.161
38.352
38.23
37.901
38.23
38.276
38.398
37.977
38.306
38.023
37.878
38.413
38.176
38.214
38.161
38.1
38.192
38.383
38.054
38.023
38.352
38.429
38.13
38.214
38.161
38.054
38.146
38.207
38.291
38.192
37.886
38.214
38.536
38.146
38.146
38.054
37.977
38.039
37.947
38.306
38.054
38.23
38.023
38.054
37.886
38.008
37.886
38.398
37.847
37.694
38.115
38.054
37.71
37.977
38.192
38.161
38.176
38.146
37.931
38.023
38.214
37.916
37.832
37.977
37.993
38.115
37.931
38.054
38.161
38.306
37.886
37.618
37.786
37.901
38.146
37.847
37.411
38.13
38.039
37.916
37.878
37.847
38.176
38.146
37.916
38.069
37.832
37.534
37.817
37.817
37.931
37.74
37.557
37.618
37.947
38.023
37.602
37.694
37.572
37.534
37.977
37.886
37.74
37.962
37.786
37.664
37.962
37.71
37.442
37.947
37.886
37.993
37.993
37.931
37.847
37.977
37.71
37.832
37.863
38.023
38.023
37.694
37.549
37.74
37.801
37.801
37.771
37.664
37.755
37.602
37.426
37.534
37.35
37.587
37.557
37.755
37.817
37.755
37.847
37.832
37.587
37.618
37.587
37.572
37.817
37.931
37.817
37.71
37.863
37.557
37.442
37.633
37.304
37.488
37.488
37.587
37.886
37.74
37.503
37.633
37.633
37.725
37.549
37.74
37.503
37.648
37.679
37.633
37.457
37.633
37.572
37.411
37.472
37.679
37.503
37.159
37.273
37.426
37.396
37.472
37.205
37.381
37.557
37.396
37.335
37.457
37.457
37.319
37.228
37.35
37.587
37.396
37.22
37.243
37.189
37.021
37.442
37.228
37.289
37.396
36.86
37.22
37.365
37.289
37.258
37.503
37.174
37.189
37.335
37.159
37.396
37.021
37.289
37.113
37.442
37.426
37.488
37.22
36.944
37.289
37.205
37.021
37.258
37.304
37.159
37.044
37.189
37.174
37.205
36.929
37.411
37.067
36.944
36.944
37.067
37.113
37.052
37.205
36.929
37.036
37.22
37.006
37.189
37.205
37.113
37.442
37.052
37.159
36.975
37.067
36.891
37.052
36.99
37.35
37.052
37.273
37.22
36.585
37.396
36.753
36.96
36.99
36.96
37.006
36.914
37.067
36.83
37.021
36.99
37.258
36.929
36.944
36.944
37.036
37.189
36.96
36.692
37.082
