0.52027
0.69623
0.69623
0.3137
0.64268
0.2525
0.81864
0.61207
0.9946
0.48966
1.27
0.33665
1.4154
-0.22949
1.4536
-0.65027
1.3618
-1.7519
-24.413
-107.32
-228.43
-477.69
-899.45
-1587.4
-2284.2
-3376.7
-4651.2
-5673.4
-6272
-6419.4
-6379.4
-6182.4
-6298.6
-6803.7
-7764.2
-8945
-10054
-10891
-11453
-11779
-12053
-12229
-12476
-12732
-13081
-13490
-13898
-14318
-14708
-15085
-15312
-15335
-15117
-14833
-14590
-14432
-14384
-14394
-14499
-14540
-14426
-14059
-13499
-12919
-12416
-11927
-11515
-11123
-10799
-10461
-10104
-9700.7
-9227.6
-8707
-8176.5
-7650.6
-7090.5
-6561.4
-6088.5
-5697.5
-5330.3
-4976.7
-4613.6
-4257.7
-3856
-3462.9
-3073.8
-2659.5
-2248.3
-1930.7
-1568.3
-1157.5
-839.99
-611.94
-304.48
-86.612
4.5368
55.696
135.41
139.81
89.557
-12.027
-235.79
-589.29
-953.09
-1196.3
-1392.8
-1475
-1301.1
-962.27
-574.97
-132.55
298.79
479.13
688.59
760.5
545.99
310.48
28.98
-342.32
-660.01
-881.53
-941.32
-904.42
-710.31
-463.95
-140.49
110.51
254.61
320.9
325.38
95.808
-444.44
-756.45
-891.62
-869.87
-803.46
-637.71
-445.92
-287.66
-182.09
-129.65
-49.392
105.65
290.06
400.89
435.42
461.3
399.21
262.86
62.023
-163.58
-451.45
-647.03
-697.47
-575.75
-367.11
-104.69
79.244
181.16
245.48
224.9
89.986
-78.663
-177.86
-260.79
-304.47
-248.39
-159.8
-42.254
31.138
67.08
70.217
64.67
58.274
54.671
52.72
83.437
109.62
97.973
22.217
-80.093
-215.81
-339.48
-449.57
-481.73
-444.9
-309.82
-150.53
28.146
165.66
236.31
223.75
144.24
27.764
-131.22
-255.33
-322.95
-282.07
-203.21
-69.1
32.079
139.2
175.2
172.25
81.761
-13.327
-117.07
-182.85
-241.1
-248.67
-244.55
-210.96
-195.82
-166.54
-153.96
-116.05
-80.3
-17.283
39.783
92.113
113.66
104.74
60.975
-1.1399
-68.304
-138.02
-176.77
-159.35
-104.03
-26.494
52.728
117.98
146.08
165.86
53.607
-121.13
-228.51
-265.29
-223.45
-142.81
-31.803
51.97
101.64
93.275
50.065
15.714
1.0558
30.036
82.075
135.12
159.38
161.92
127.5
72.78
9.2342
-67.179
-109.43
-101.58
-59.72
13.105
87.178
145.61
181.22
186.73
146.33
91.141
21.636
-24.29
-47.418
-19.601
21.705
80.675
128.69
156.34
154.92
140.04
96.688
55.772
22.355
7.7577
-42.667
-98.508
-122.94
-116.23
-83.291
-46.829
1.8438
49.66
82.152
86.849
77.324
76.482
82.542
87.323
85.395
88.915
85.625
78.189
55.994
22.967
-8.232
-18.423
-16.028
8.6451
35.376
50.93
62.742
66.674
56.744
32.4
23.204
32.568
57.93
77.309
97.69
107.57
115.41
123.38
127.31
116.32
115.06
117.35
119.34
114.66
97.483
79.956
62.444
50.899
28.988
18.407
3.5116
9.2189
13.258
31.62
45.773
66.659
82.748
97.483
97.208
84.577
65.94
46.041
37.488
34.971
43.004
52.513
77.783
94.278
108.42
99.021
87.071
57.823
34.512
5.08
-8.4997
-21.98
-11.927
-4.093
9.2419
13.725
24.88
29.546
35.675
43.945
50.073
53.906
53.439
55.658
53.982
50.379
42.537
40.479
38.505
41.298
33.701
36.424
43.18
53.638
52.59
45.322
39.683
36.485
31.941
27.672
18.553
22.355
26.54
39.194
51.718
67.501
72.611
77.293
80.82
81.195
74.019
63.92
58.573
61.273
68.602
67.287
68.197
62.52
71.448
72.221
73.193
70.354
68.901
63.729
62.13
55.52
57.31
53.5
59.514
66.2
75.496
80.224
81.7
75.105
75.886
74.616
79.757
80.912
83.215
86.727
88.884
87.729
79.474
73.361
66.72
72.091
74.21
90.613
81.54
63.744
46.699
38.459
43.631
52.452
66.2
86.115
102.25
109.1
101.22
86.489
79.726
83.575
91.172
98.753
106.63
114.02
119.15
118.26
107.7
89.794
71.762
61.579
56.553
59.988
63.446
74.753
89.45
105.36
111.84
112.72
104.36
97.506
92.916
92.457
92.755
98.868
108.89
121.08
129.44
130.65
123.63
114.31
103.52
95.938
84.378
77.737
70.607
67.172
69.788
69.337
68.212
66.062
64.089
69.214
76.697
81.256
89.511
95.532
100.9
101.17
95.387
88.7
79.879
72.986
70.683
70.699
73.453
80.461
86.742
89.924
85.082
80.491
69.475
58.856
48.657
41.673
39.936
45.054
51.435
59.093
64.265
71.074
73.881
71.471
69.949
67.753
65.267
66.062
67.799
69.413
68.71
67.065
66.238
62.054
58.06
53.217
50.165
49.254
51.136
51.052
52.858
49.958
49.537
46.561
44.886
43.126
43.555
44.694
48.788
54.487
60.501
64.211
65.688
66.797
66.69
62.834
56.744
52.23
49.69
48.175
49.407
50.394
50.432
51.037
51.389
50.723
47.732
45.727
44.541
45.62
48.581
51.09
52.995
53.89
54.021
54.625
55.069
55.352
55.987
58.343
62.459
63.836
64.265
63.308
61.694
59.827
59.888
60.049
60.707
60.263
62.604
65.359
68.725
70.484
72.565
74.18
75.932
76.383
74.692
73.047
71.716
72.106
73.943
75.082
76.291
78.533
79.803
80.553
80.002
79.55
77.798
77.89
78.625
79.581
78.785
79.328
79.726
79.52
79.474
79.818
78.533
80.82
81.838
82.358
82.871
83.062
81.777
82.006
81.731
81.991
81.256
80.989
82.167
82.917
83.322
84.845
85.005
85.877
85.923
85.036
83.934
82.305
80.116
80.851
80.644
81.103
81.463
82.343
83.406
83.169
82.764
82.794
81.7
80.568
80.193
78.969
79.191
78.625
79.084
77.829
78.441
77.982
77.561
78.028
78.326
79.03
78.518
78.831
77.401
75.825
75.052
74.493
73.269
73.522
73.461
73.032
73.453
74.004
74.118
74.524
73.751
73.407
72.298
71.234
69.773
68.618
67.868
68.052
66.812
66.422
68.113
67.21
67.44
66.843
66.736
65.328
64.295
63.194
63.4
63.385
62.849
63.01
62.176
62.712
61.893
62.635
62.084
63.132
62.222
63.086
61.946
61.962
59.988
59.169
57.945
58.182
58.045
58.527
59.529
59.766
60.095
60.921
60.738
59.705
59.827
59.406
59.33
59.123
59.016
59.2
59.016
59.873
60.11
60.546
60.692
60.546
61.097
62.176
61.801
61.472
62.13
62.742
63.071
63.568
64.196
64.747
65.909
66.812
67.6
68.74
69.949
71.119
71.135
70.324
70.76
70.668
70.324
70.5
71.357
71.448
72.504
72.925
73.736
73.506
73.506
73.82
73.614
73.866
74.348
74.21
75.105
75.664
75.87
76.666
77.469
77.515
78.143
78.311
79.52
80.331
79.986
80.912
81.463
82.06
82.136
82.136
82.182
82.542
82.794
82.993
83.705
84.676
84.952
85.38
85.831
85.395
85.663
85.411
85.724
85.786
86.459
86.788
87.461
87.775
87.652
88.058
88.685
88.31
88.792
88.417
88.104
87.744
87.729
88.088
87.599
87.101
87.163
87.323
87.025
86.895
86.818
86.696
87.285
86.711
86.91
86.88
86.864
86.964
87.025
86.772
87.01
86.551
86.704
86.474
86.994
86.635
86.834
86.176
85.77
84.921
84.921
83.651
83.59
83.062
83.031
82.84
82.511
82.136
81.792
82.06
81.838
81.899
81.494
81.616
81.027
81.241
80.866
80.744
80.79
80.384
80.331
79.711
79.833
78.954
78.739
78.066
77.86
77.515
77.156
76.544
76.934
76.023
75.694
75.649
75.381
75.366
74.945
74.723
75.557
75.182
75.572
75.167
75.526
75.335
75.067
74.692
75.167
75.243
74.914
74.57
74.333
74.884
74.317
73.736
73.675
73.476
73.33
72.833
73.223
73.629
73.988
73.583
73.912
73.897
74.317
74.21
74.394
74.585
75.037
75.136
74.6
75.098
74.822
75.052
74.838
74.677
74.853
75.136
74.631
74.792
75.335
74.868
74.807
75.098
75.725
75.526
75.763
75.45
76.054
76.482
76.811
76.766
77.041
77.531
78.066
78.143
78.234
78.395
78.533
78.716
78.548
78.969
79.221
79.818
79.895
79.986
80.055
80.032
80.4
80.912
81.585
81.463
81.302
81.792
82.09
81.96
82.373
82.779
82.809
83.422
83.391
83.62
83.513
83.72
83.62
83.766
83.965
83.873
84.003
83.949
83.965
83.291
83.291
83.873
83.812
84.095
83.919
84.263
84.171
84.607
84.799
84.592
84.814
84.661
84.707
85.066
85.174
85.066
85.189
85.349
85.296
85.365
84.676
84.967
84.829
84.799
84.278
84.187
84.378
85.066
84.003
84.049
84.079
83.345
83.62
83.33
83.36
83.345
83.047
83.33
82.993
82.962
82.618
82.228
82.029
81.823
81.417
81.302
81.371
80.958
80.851
80.69
79.879
80.017
79.864
80.086
79.55
80.193
79.742
79.581
78.984
79.535
79.267
78.892
78.609
78.785
78.563
78.472
78.043
77.921
77.936
77.577
77.14
76.873
76.766
76.322
76.154
76.184
75.779
75.756
75.794
75.496
75.396
75.121
74.838
74.753
74.616
74.945
74.394
74.509
74.08
73.988
73.614
73.644
73.568
73.659
73.376
73.193
73.629
73.208
73.078
72.718
72.818
72.405
73.047
72.504
72.489
72.971
72.657
72.749
72.221
72.673
72.328
72.328
72.611
72.703
72.489
72.803
72.06
72.435
72.734
72.474
72.596
72.673
72.848
72.42
72.657
72.94
73.239
73.285
72.956
73.177
73.598
74.004
73.675
73.897
74.134
74.424
74.149
74.287
74.677
74.509
74.723
74.884
74.792
74.96
74.929
74.884
75.48
74.991
75.411
75.182
75.182
75.763
75.794
75.541
75.901
75.886
76.154
76.23
76.352
76.337
76.811
76.766
77.095
77.079
77.11
77.248
77.485
77.324
77.408
77.668
77.699
77.737
77.638
78.265
77.921
78.25
78.234
78.081
78.518
78.548
78.357
79.045
78.671
78.518
78.594
78.739
78.908
79.053
79.252
78.923
79.084
79.13
79.344
78.816
78.579
78.801
78.655
78.816
78.671
78.862
78.502
78.518
78.426
78.625
78.739
78.426
78.518
78.892
78.801
78.579
78.739
78.625
78.816
78.877
78.234
78.441
78.671
78.64
78.563
78.296
78.342
78.097
77.783
77.936
78.013
77.622
77.401
77.752
77.592
77.531
77.73
77.515
77.469
77.339
77.217
77.056
77.171
77.01
76.528
76.636
76.574
76.857
76.62
76.482
76.544
76.291
76.108
75.978
76.069
75.694
75.664
76.069
76.307
75.962
75.84
75.794
75.886
76.085
75.84
75.71
75.71
75.541
75.572
75.465
75.434
75.48
75.541
75.105
75.381
75.182
75.427
75.434
75.105
74.945
74.738
75.105
74.991
75.151
75.098
74.991
74.991
75.121
75.006
74.96
75.082
75.182
74.914
75.289
75.32
75.396
75.335
75.526
75.618
75.725
75.304
75.71
75.679
75.541
75.756
75.71
75.649
75.932
75.993
75.886
76.307
76.085
76.245
76.368
76.559
76.467
76.421
76.452
76.827
76.919
76.184
76.781
76.857
76.98
77.11
77.469
77.485
77.309
77.684
77.737
77.37
77.668
77.829
77.829
78.296
78.41
78.097
78.25
78.533
78.502
78.579
78.892
78.954
78.847
79.175
79.283
79.283
79.237
79.053
79.459
79.374
79.657
79.627
79.818
79.726
79.535
79.772
79.788
79.833
79.925
80.208
80.208
80.285
80.285
80.178
80.208
80.224
80.369
80.69
80.568
80.315
80.713
80.774
80.675
80.583
80.989
81.042
80.973
80.912
81.042
81.226
80.973
81.18
81.432
81.386
80.82
81.042
81.256
81.211
81.356
81.134
81.463
81.356
81.386
81.226
81.333
81.241
81.019
80.927
80.912
81.18
80.866
80.629
81.004
81.119
80.774
80.69
80.614
80.629
80.744
80.4
80.491
80.774
80.805
80.644
80.82
80.537
80.69
80.698
80.598
80.744
80.491
80.43
80.384
80.086
80.132
80.369
80.27
80.147
79.956
80.369
80.116
80.208
79.566
79.879
79.849
80.04
79.535
79.757
79.459
79.833
79.474
79.55
79.459
79.328
79.206
79.283
79.374
79.474
79.252
79.459
79.359
79.206
79.221
79.16
79.145
79.298
79.344
79.099
78.969
79.053
79.344
78.954
79.267
78.969
79.099
78.938
79.084
78.954
78.954
78.908
79.298
78.739
79.099
78.969
78.938
79.221
78.831
78.938
78.816
78.801
78.892
78.908
78.739
78.716
79.03
79
78.77
78.984
78.938
78.908
79.045
78.716
78.755
79.382
79.283
78.801
79.053
79.114
79.221
79.413
78.785
78.801
79.045
79.206
78.908
78.984
79.068
78.969
79.267
79.221
79.191
79.175
79.328
79.612
79.283
79.535
78.984
79.068
79.267
79.443
79.55
79.757
79.535
79.298
79.55
79.757
79.382
79.772
79.397
79.344
79.443
79.474
79.757
79.504
79.833
79.489
79.221
79.328
79.596
79.459
79.642
79.895
79.596
79.581
79.642
79.711
79.657
79.397
79.443
79.711
79.428
79.55
79.359
79.566
79.313
79.252
79.328
79.03
79.191
79.52
79.298
79.413
79.015
79.068
79.084
79.099
79.221
79.03
79.114
79.283
79.13
79.237
78.877
79.045
78.831
78.724
79.175
79.13
78.472
78.701
78.64
78.625
78.785
78.28
78.472
78.686
78.158
78.487
78.357
78.472
78.189
78.066
77.905
78.028
78.013
77.798
77.752
78.081
77.768
77.5
77.699
77.73
77.684
77.714
78.081
77.439
77.592
77.248
77.309
77.355
77.079
77.186
77.248
76.934
77.232
77.01
77.072
76.727
76.811
76.857
76.651
76.636
76.398
76.651
76.467
76.781
76.421
76.59
76.383
76.245
75.947
76.138
76.023
76.123
75.679
75.603
76.23
75.916
75.978
76.169
75.962
75.679
75.587
75.633
75.633
75.679
75.48
75.572
75.649
75.289
75.48
75.809
75.434
75.381
75.366
75.427
75.465
75.136
75.572
75.396
75.228
75.258
75.067
75.037
75.167
75.587
75.121
75.335
75.258
74.838
75.151
75.335
74.991
75.32
75.725
75.037
75.228
75.258
74.769
74.975
74.692
75.197
74.914
74.738
74.776
74.692
74.792
75.304
74.723
74.807
74.914
74.822
75.228
74.753
75.067
74.853
74.807
75.021
75.006
74.975
74.807
74.96
75.098
74.677
74.991
75.105
74.884
74.945
74.662
74.807
74.616
74.708
74.899
74.868
74.914
74.708
74.776
74.662
74.585
74.708
74.807
74.333
74.708
74.677
74.899
74.753
75.067
74.463
74.723
74.868
74.792
74.769
74.753
74.723
74.555
74.792
74.899
74.662
74.822
74.44
74.723
74.807
74.769
74.493
74.753
74.662
74.646
74.616
74.776
74.631
74.555
74.555
74.662
74.723
74.348
74.493
74.424
74.363
74.493
74.463
74.394
74.302
74.111
74.05
74.241
74.18
74.05
74.463
74.424
74.424
74.08
74.287
74.394
74.394
74.287
74.287
73.705
74.363
74.317
74.379
74.065
73.881
74.111
74.226
74.18
73.82
73.897
73.805
73.705
73.851
73.897
74.05
73.805
73.79
73.552
73.751
73.835
73.644
73.644
73.782
73.659
73.614
73.79
73.69
73.598
73.491
73.438
73.506
73.835
73.583
73.736
73.476
73.629
73.346
73.438
73.269
73.422
73.376
73.438
73.361
73.422
73.193
73.162
73.063
73.177
73.078
73.346
73.208
73.392
73.522
73.438
73.269
72.971
73.223
73.376
73.001
72.879
73.315
73.078
73.239
73.063
73.109
72.894
73.147
73.476
73.407
73.193
73.438
73.3
73.124
73.132
72.925
73.506
73.361
73.461
73.376
73.239
73.239
73.346
73.223
73.568
73.751
73.461
73.376
73.093
73.33
73.017
73.017
73.392
73.269
73.407
73.407
73.147
73.33
73.461
73.583
73.598
73.453
73.376
73.346
73.476
73.269
73.315
73.223
73.392
73.063
73.223
73.254
73.537
73.399
73.522
73.736
73.721
73.598
73.078
73.407
73.476
73.568
73.162
73.614
73.254
73.598
73.239
73.552
73.522
73.629
73.866
73.522
73.614
73.659
73.629
73.644
73.491
73.506
73.805
73.614
73.522
73.721
73.835
73.705
73.675
73.805
73.659
73.79
73.705
73.506
73.598
73.407
73.438
73.537
73.69
73.552
73.522
73.537
73.453
73.583
73.736
73.506
73.177
73.522
73.315
73.422
73.568
73.132
73.583
73.33
73.361
73.315
73.285
73.659
73.33
73.644
73.675
73.269
73.629
73.438
73.438
73.422
73.476
73.438
73.79
73.79
73.751
73.629
73.254
73.644
73.629
73.453
73.614
73.552
73.721
73.629
73.736
73.491
73.506
73.3
73.552
73.017
73.422
73.33
73.522
73.705
73.063
73.361
73.583
73.614
73.69
73.422
73.376
73.522
73.629
73.629
73.285
73.438
73.269
73.598
73.461
73.132
73.751
73.782
73.736
73.522
73.721
73.721
74.004
73.254
73.33
73.33
73.552
73.407
73.598
73.392
73.047
73.675
73.835
73.392
73.376
73.285
73.361
73.721
73.644
73.705
73.522
73.69
73.476
73.461
73.82
73.69
73.751
73.644
73.644
73.629
73.805
73.82
73.675
73.568
73.392
73.254
73.461
73.629
73.476
73.583
73.644
73.805
73.751
73.973
73.705
73.782
73.659
73.522
73.82
73.422
73.659
73.79
73.82
73.598
73.782
73.79
73.943
74.019
73.866
73.767
73.705
73.721
73.835
74.096
73.851
73.782
73.629
73.736
73.912
73.835
73.805
73.851
73.767
73.751
73.927
73.675
73.881
73.958
73.568
73.881
74.18
73.751
73.866
73.912
73.881
73.988
73.866
73.912
74.096
74.019
73.659
73.912
74.096
73.988
74.134
74.195
74.118
74.21
74.019
74.195
74.394
74.065
74.134
73.988
73.943
73.881
73.805
73.866
74.18
74.065
74.317
74.08
74.118
74.118
74.111
74.05
74.034
74.18
74.195
74.134
73.973
74.065
74.05
74.134
73.851
74.004
73.897
74.348
73.881
74.241
73.805
73.927
73.82
73.881
74.226
73.897
74.004
73.736
73.721
74.134
73.851
73.973
74.08
74.226
74.004
73.912
74.164
73.866
74.21
73.675
73.835
74.08
73.675
73.79
74.134
74.134
73.912
73.943
74.05
73.69
73.851
73.705
73.835
74.019
73.881
73.79
74.164
74.226
73.881
73.943
73.866
73.805
73.851
73.912
73.988
74.019
73.973
74.118
74.08
73.897
73.82
73.736
73.805
74.164
74.096
74.096
73.866
74.111
73.943
73.851
73.69
73.506
74.019
73.881
73.912
73.866
73.988
74.21
73.79
73.866
74.256
74.149
74.447
73.958
74.019
74.18
74.21
74.134
74.019
73.943
74.18
73.782
73.988
74.065
74.004
74.226
74.019
74.394
73.767
74.134
74.111
73.881
73.82
74.05
73.866
73.583
73.736
73.721
74.019
73.881
73.851
74.08
74.08
74.118
73.851
74.05
74.111
73.943
73.943
74.195
74.256
74.118
74.18
74.08
73.988
74.096
74.004
74.195
74.134
74.034
74.065
74.134
73.988
74.18
74.333
74.226
74.08
74.333
74.447
74.348
74.616
74.394
74.18
74.226
74.08
74.118
74.18
73.897
74.463
74.271
74.149
74.111
74.111
74.149
74.149
74.195
74.05
74.004
74.333
74.08
74.287
74.271
74.241
74.195
74.111
74.241
74.096
74.44
74.287
74.149
74.065
74.164
74.08
74.539
74.18
74.256
74.348
74.065
74.21
74.44
74.05
74.424
74.149
74.164
74.463
74.21
74.478
74.509
74.463
74.05
74.21
74.065
74.164
74.348
74.333
74.333
74.134
74.164
74.118
74.57
74.195
74.08
74.241
73.943
74.134
74.134
74.096
73.912
74.287
73.897
74.004
73.973
73.659
73.805
73.82
73.614
73.958
73.897
73.851
74.18
73.805
73.897
73.943
74.302
73.897
73.721
73.675
74.096
74.348
74.05
73.552
73.736
73.782
73.866
74.065
73.767
73.866
73.392
74.065
73.522
73.805
73.835
73.851
73.767
73.782
73.537
73.79
73.851
73.988
74.019
73.973
73.82
73.537
73.598
73.851
73.943
74.019
73.721
73.736
73.82
73.927
73.958
73.881
73.82
73.751
73.537
73.315
73.79
73.958
73.751
73.614
73.675
73.751
73.453
73.491
73.254
73.461
73.69
73.782
73.713
73.82
73.598
73.721
73.552
73.644
73.69
73.866
73.491
73.461
73.476
73.537
73.376
73.675
73.453
73.782
73.912
73.491
73.453
73.537
73.644
73.438
73.453
73.506
73.552
73.552
73.629
73.239
73.346
73.736
73.506
73.721
73.223
73.552
73.422
73.422
73.162
73.017
73.422
73.392
73.407
73.376
73.835
73.659
73.376
73.223
72.971
73.239
73.315
73.047
73.147
73.208
72.894
73.193
73.124
73.392
73.208
73.223
73.376
73.147
72.91
73.193
72.986
73.392
72.787
72.627
72.986
72.764
73.147
72.718
73.109
72.971
73.001
72.956
72.894
72.94
72.818
72.986
72.718
73.124
73.239
73.193
73.047
73.422
73.3
73.132
73.223
72.879
72.848
73.047
72.864
72.764
72.94
72.657
72.657
72.405
72.764
72.91
72.803
72.864
72.581
72.91
72.474
72.749
72.52
73.032
72.833
72.657
72.55
72.91
72.833
72.833
72.581
72.91
72.565
72.535
72.581
72.581
72.596
72.833
72.458
72.374
72.565
72.894
72.55
72.581
72.474
72.42
72.611
72.191
72.267
72.359
72.236
72.344
72.52
72.565
72.359
72.458
72.374
72.474
72.328
72.221
72.221
72.236
72.389
72.252
72.191
72.236
72.535
72.734
72.52
72.474
72.236
72.458
72.344
72.328
72.42
72.344
72.076
72.145
72.267
72.344
72.52
72.252
72.389
71.969
72.581
72.015
72.206
71.999
72.344
72.129
71.999
72.091
72.221
71.984
71.907
72.267
72.015
72.191
71.816
71.701
72.129
72.106
71.846
71.793
71.831
71.984
71.907
72.091
72.076
71.8
71.892
71.969
71.64
71.831
72.16
71.762
71.732
71.533
71.716
71.609
71.311
71.624
71.716
71.816
71.517
71.326
71.923
71.517
71.609
71.862
71.831
71.548
71.341
71.686
71.862
71.387
71.578
71.433
71.471
71.502
71.64
71.548
71.448
71.563
71.341
71.219
71.563
71.686
71.67
71.487
71.471
71.533
71.188
71.188
71.418
71.326
71.563
71.403
70.921
71.295
71.234
71.487
71.578
71.295
71.265
71.188
70.982
71.295
71.594
71.341
71.158
71.357
70.936
71.104
71.494
71.295
71.119
71.104
71.517
71.219
71.265
71.326
71.104
71.074
71.295
71.089
71.372
71.311
71.326
71.119
71.135
71.188
71.119
70.997
71.012
70.859
70.76
71.089
71.074
70.951
71.311
71.295
71.028
70.982
70.921
70.875
70.905
71.135
71.135
70.936
71.089
70.921
70.921
70.576
70.607
70.921
71.043
70.729
70.813
71.204
71.104
70.921
70.79
71.028
71.188
70.951
70.844
70.515
70.951
70.89
70.79
70.844
70.592
70.622
71.089
70.813
70.592
70.622
70.592
70.844
70.4
70.89
70.745
70.905
70.699
70.683
70.745
70.546
70.844
70.416
70.416
70.546
70.515
70.561
70.477
70.576
70.546
70.309
70.653
70.806
70.607
70.484
70.622
70.714
70.607
70.37
70.622
70.5
70.546
70.546
70.53
70.592
70.217
70.217
70.462
70.263
70.263
70.4
70.339
70.446
70.683
70.462
70.186
70.201
70.232
70.576
70.4
70.592
70.232
70.041
70.339
70.247
70.232
70.171
70.339
70.462
70.056
70.201
70.339
70.217
70.354
70.416
70.37
70.155
70.232
70.354
70.546
69.949
70.041
70.293
70.087
70.186
69.949
70.117
70.293
70.155
70.339
70.232
70.745
70.217
70.247
70.354
70.53
70.4
70.431
70.339
70.117
70.025
70.133
70.37
70.5
70.446
70.278
70.546
70.056
70.385
70.4
70.339
70.53
70.201
69.918
70.431
70.339
70.201
70.293
70.278
70.37
70.117
70.232
70.247
70.37
70.354
70.293
70.247
70.041
70.293
70.416
70.171
70.309
70.155
70.117
70.293
70.339
70.041
69.903
70.232
70.37
70.041
70.232
69.995
70.155
70.041
70.232
70.087
70.201
70.247
69.918
70.201
70.056
69.827
70.217
69.995
70.416
70.247
70.102
70.117
70.477
70.278
70.071
69.995
70.148
70.416
69.742
70.155
69.934
70.087
70.133
70.247
69.903
69.819
70.01
69.857
69.934
70.056
70.071
69.98
69.888
70.201
69.995
69.857
70.071
70.025
69.788
70.247
70.01
69.758
69.727
69.857
69.918
69.788
70.232
69.635
69.528
70.041
69.903
69.635
69.804
69.742
69.758
69.819
69.75
69.712
69.727
70.056
69.918
69.888
69.712
69.934
70.148
70.041
70.01
70.056
70.025
69.773
69.98
70.263
69.819
70.041
69.804
69.903
70.025
69.949
69.681
69.827
69.758
69.758
69.62
69.651
69.696
69.543
69.888
69.857
69.788
69.872
69.888
69.712
69.819
69.934
69.543
69.918
69.444
69.605
69.574
69.589
69.827
69.727
69.605
69.681
69.62
69.337
69.788
69.696
69.589
69.528
69.574
69.574
69.773
69.528
69.543
69.605
69.559
69.498
69.788
69.459
69.773
69.322
69.712
69.429
69.513
69.773
69.444
69.276
69.543
69.498
69.651
69.49
69.727
69.352
69.528
69.872
69.635
69.605
69.413
69.857
69.605
69.184
69.62
69.383
69.543
69.605
69.383
69.498
69.337
69.398
69.513
69.23
69.291
69.513
69.245
69.23
69.23
69.429
69.306
69.322
69.383
69.367
69.459
69.475
69.352
69.383
69.161
69.337
69.199
69.413
69.398
69.337
69.199
68.931
68.916
69.039
69.146
68.993
68.962
69.008
68.771
69.023
69.115
68.947
69.276
69.23
69.169
69.245
68.947
69.023
68.84
69.146
69.039
69.276
68.901
68.993
69.069
68.977
68.901
69.115
68.74
68.916
69.054
68.87
68.962
68.771
68.71
68.725
68.931
68.977
68.916
68.84
68.725
68.648
69.161
68.84
68.817
68.511
68.74
68.855
68.87
68.335
68.771
68.977
68.755
68.993
69.13
68.801
68.365
68.786
68.572
68.771
68.557
68.901
68.664
68.587
68.977
68.755
68.488
68.886
68.648
68.381
68.694
68.633
68.618
68.319
68.511
68.633
68.35
68.411
68.84
68.817
68.648
68.832
68.381
68.365
68.572
68.442
68.526
68.488
68.273
68.35
68.442
68.572
68.243
68.159
68.472
68.021
68.212
68.273
67.899
68.174
68.457
68.396
68.381
68.174
68.212
68.335
68.159
68.411
67.99
68.572
68.572
68.197
68.143
68.243
68.243
68.197
68.381
68.228
68.159
68.335
68.021
67.929
68.097
68.273
68.258
68.289
67.944
68.006
68.036
68.052
68.052
68.036
68.036
67.929
67.692
67.853
67.914
67.929
68.228
67.929
68.22
67.769
68.113
68.082
67.853
68.006
67.868
67.753
67.853
67.677
67.799
67.753
67.96
68.006
67.616
67.661
67.99
67.738
67.585
67.6
67.57
67.631
67.616
67.975
67.784
67.692
67.554
67.554
67.631
67.784
67.616
67.44
67.646
67.899
67.868
67.769
67.585
67.187
67.814
67.616
67.738
67.738
67.539
67.394
67.524
67.287
67.424
67.241
67.409
67.287
67.485
67.6
67.21
67.47
67.256
67.302
67.003
67.172
67.317
67.332
67.034
67.111
67.317
67.111
67.363
67.187
66.896
67.378
67.156
67.21
67.049
67.111
66.958
66.858
67.485
67.019
67.049
67.065
67.187
67.195
66.659
67.141
66.912
67.156
67.172
66.812
66.942
66.973
66.72
67.08
67.065
66.797
66.858
66.843
66.659
67.065
66.705
66.69
66.812
66.674
66.797
66.529
66.72
66.812
66.674
66.499
66.659
67.195
66.674
66.613
66.529
66.422
66.3
66.583
66.766
66.629
66.72
66.583
66.552
66.468
66.537
66.629
66.346
65.925
66.361
66.208
66.315
66.254
66.2
66.208
66.124
66.284
66.2
66.567
66.361
66.552
66.254
66.139
66.269
66.629
66.223
66.284
66.208
66.422
66.284
66.644
66.346
66.093
66.124
66.078
66.017
66.185
66.001
66.2
66.078
66.108
66.3
66.093
65.986
65.925
66.093
65.764
66.361
66.223
65.955
66.062
65.733
65.841
66.017
65.825
65.879
65.879
66.078
65.841
65.856
65.856
65.688
65.718
66.185
65.58
65.879
65.657
65.542
65.672
65.343
65.688
65.626
65.611
65.642
65.856
65.565
65.481
65.764
65.313
65.749
65.297
65.236
65.435
65.251
65.328
65.297
65.167
65.251
65.328
65.389
65.267
65.167
64.869
65.183
65.389
65.251
65.405
65.106
65.359
64.999
65.251
65.045
65.091
65.267
65.03
64.892
64.869
64.67
64.938
65.137
65.014
65.121
64.999
65.121
65.167
65.251
65.152
65.236
65.198
64.984
64.984
64.854
65.091
65.167
65.106
64.854
64.999
65.236
64.777
64.892
64.884
64.854
65.198
64.777
64.907
64.555
64.639
64.655
65.014
64.938
64.884
64.846
64.685
64.747
65.152
64.639
64.624
64.838
64.854
64.907
64.792
64.953
64.479
64.67
64.792
64.777
64.624
64.808
64.67
64.639
64.747
64.838
64.762
64.525
64.685
64.685
64.265
64.341
64.012
64.479
64.448
64.609
64.578
64.525
64.624
64.295
64.402
64.28
64.265
63.936
64.356
64.31
64.249
64.18
64.326
64.555
64.249
64.433
64.058
64.234
64.28
64.226
64.18
63.905
63.851
64.226
64.135
64.119
64.089
63.897
64.165
64.196
63.966
63.79
64.135
64.043
63.997
63.821
63.76
63.806
63.982
64.058
64.295
63.775
63.951
64.012
64.058
64.15
63.568
64.196
63.821
64.058
63.905
63.982
63.92
63.821
64.058
63.982
63.867
63.897
63.851
63.698
64.104
63.714
63.851
63.431
63.882
63.836
63.591
63.966
63.4
63.568
63.477
63.415
63.76
63.576
63.622
63.806
63.4
63.308
63.668
63.591
63.897
63.553
63.492
63.79
63.262
63.117
63.369
63.668
63.446
63.683
63.591
63.194
63.224
63.293
63.324
63.339
63.369
63.431
63.507
63.209
63.461
63.102
63.477
62.995
63.415
63.431
63.637
63.293
63.178
63.339
63.461
63.339
63.385
63.354
63.224
63.102
63.431
63.293
63.293
63.224
63.339
63.446
63.354
63.262
63.247
63.194
63.025
63.239
63.369
63.132
62.949
63.209
63.148
63.163
62.979
63.086
63.209
63.239
63.071
63.224
63.209
62.964
63.324
63.071
63.04
63.262
63.148
62.803
63.163
63.163
63.324
62.964
63.247
63.194
63.117
63.056
62.91
63.071
63.163
63.086
63.117
62.819
62.918
62.803
62.819
62.727
62.865
62.949
62.65
62.635
62.428
62.742
62.566
62.727
62.581
62.788
62.865
62.536
62.91
62.459
62.933
62.918
62.536
62.849
62.666
62.589
62.62
62.865
62.788
62.551
62.65
62.865
62.834
62.428
62.52
62.505
62.65
62.666
62.52
62.933
62.589
62.834
62.788
62.666
62.237
62.681
62.474
62.367
62.757
62.474
62.444
62.413
62.459
62.49
62.413
62.352
62.306
62.252
62.551
62.536
62.291
62.337
62.398
62.604
62.536
62.39
62.306
62.581
62.352
62.237
62.566
62.337
62.306
62.383
62.084
62.145
62.13
62.008
62.237
61.992
62.008
62.191
62.275
62.023
62.26
62.306
62.069
62.099
62.176
62.26
62.13
62.306
62.084
62.176
62.145
62.008
62.252
62.237
62.566
62.26
62.008
61.946
61.931
62.26
62.306
62.038
62.038
62.145
61.962
62.008
62.008
61.771
62.054
62.207
61.946
62.099
62.222
62.054
62.145
61.977
61.648
61.992
61.992
61.992
61.977
61.946
62.115
61.786
61.878
61.709
61.709
61.847
61.847
61.564
61.617
61.771
61.694
61.396
61.533
61.564
61.648
61.694
61.602
61.533
61.709
61.617
61.816
61.786
61.924
61.564
61.663
61.992
61.786
61.648
61.564
61.22
61.579
61.579
61.503
61.595
61.518
61.786
61.579
61.533
61.595
61.304
61.725
61.411
61.442
61.235
61.579
60.975
61.289
61.503
61.411
61.602
61.365
61.38
61.442
61.38
61.579
61.518
61.533
61.617
61.694
61.365
61.365
61.442
61.204
61.602
61.457
61.487
61.709
61.472
61.487
61.304
61.22
61.204
61.38
61.426
61.365
61.472
61.204
61.266
61.25
61.25
61.204
61.174
61.204
61.25
61.22
61.235
61.082
61.021
61.22
61.158
61.235
60.906
61.266
61.036
61.158
61.266
61.411
61.158
61.036
60.975
60.937
60.937
61.067
61.005
61.067
60.661
60.661
61.036
60.799
60.86
60.692
61.289
60.921
61.097
60.799
60.631
61.021
60.738
60.891
60.799
60.937
60.906
60.86
60.944
60.753
60.906
60.784
60.799
60.86
60.692
61.174
60.875
60.707
60.944
61.113
60.631
60.845
60.921
61.005
60.661
60.875
60.692
60.592
60.531
60.424
60.96
60.845
60.829
60.829
60.6
60.753
60.845
60.615
60.829
60.845
60.875
60.47
60.562
60.707
60.722
60.631
60.921
60.615
60.615
60.424
60.875
60.738
60.592
60.646
60.661
60.631
60.348
60.439
60.378
60.631
60.455
60.615
60.531
60.233
60.875
60.516
60.378
60.317
60.317
60.485
60.516
60.439
60.202
60.47
60.302
60.363
60.531
60.263
60.661
60.248
60.37
60.233
60.233
60.393
60.631
60.271
60.11
60.439
60.363
60.393
60.187
60.141
60.286
60.6
60.271
60.095
60.08
60.202
60.187
60.003
59.942
60.47
59.988
60.217
60.095
59.827
60.202
60.049
60.064
59.942
59.919
60.202
60.11
60.302
60.248
60.126
60.233
60.141
60.187
59.942
60.034
60.049
59.988
60.095
60.034
59.919
60.049
59.843
59.674
59.888
59.766
59.69
59.751
59.735
60.126
59.858
59.659
59.751
60.187
59.674
59.59
59.514
59.659
59.705
59.529
59.919
59.934
59.69
59.942
59.674
59.59
59.873
59.391
59.644
59.468
59.797
59.69
59.544
59.705
59.766
59.613
59.544
59.514
59.705
59.827
59.406
59.452
59.69
59.797
59.376
59.559
59.391
59.605
59.59
59.644
59.2
59.361
59.422
59.59
59.261
59.529
59.299
59.605
59.559
59.2
59.376
59.361
59.391
58.986
59.559
59.231
59.001
59.299
59.169
59.437
59.169
59.215
59.361
58.932
59.261
59.108
59.062
58.97
59.154
59.2
59.047
59.032
59.123
59.032
59.2
59.345
59.123
59.062
58.856
59.047
58.986
59.062
59.154
58.947
58.986
58.955
58.886
59.185
58.825
58.687
59.261
58.917
58.886
58.733
58.81
58.902
58.794
59.032
59.062
58.902
59.047
59.001
59.001
59.032
58.657
58.902
58.718
58.947
58.825
59.139
58.932
58.718
58.97
59.032
59.169
58.481
58.657
58.764
58.557
58.42
58.657
58.542
58.794
58.764
58.955
58.718
58.511
58.672
58.404
58.81
58.718
58.657
58.496
58.672
58.465
58.573
58.244
58.374
58.496
58.435
58.657
58.297
58.557
58.557
58.588
58.542
58.718
58.588
58.465
58.557
58.511
58.749
58.435
58.557
58.703
58.297
58.213
58.45
58.259
58.343
58.687
58.244
58.45
58.374
58.618
58.029
58.121
58.152
58.588
58.045
58.358
58.091
58.091
58.136
58.228
58.106
57.945
57.915
57.93
58.374
58.014
58.029
57.884
57.93
57.93
58.136
57.968
58.121
58.106
58.014
57.899
58.182
57.999
57.792
58.045
58.198
57.853
57.853
57.586
57.808
57.983
57.976
58.213
58.029
57.655
57.746
58.091
57.792
57.853
57.838
57.838
57.93
57.762
57.999
57.961
57.983
57.808
58.213
57.853
57.869
57.777
57.838
57.731
57.67
57.945
57.632
57.716
57.586
57.884
57.7
57.685
57.899
57.402
57.639
57.402
57.57
57.57
57.303
57.616
57.073
57.54
57.448
57.387
57.371
57.371
57.326
57.479
57.479
57.31
57.555
57.226
57.417
57.655
57.257
57.639
57.226
57.387
56.974
57.402
57.31
56.928
57.509
57.326
57.241
57.257
57.31
57.211
57.356
57.356
57.31
57.31
57.417
57.326
56.997
56.928
57.165
57.104
57.18
56.943
57.012
57.165
56.928
56.974
57.088
57.134
57.165
57.165
57.027
57.119
57.15
57.012
57.165
57.18
56.912
57.18
56.958
57.012
57.012
56.614
56.943
56.928
56.981
57.226
57.119
56.943
56.476
57.226
57.012
56.943
56.851
56.759
56.775
56.775
56.912
56.851
56.912
56.629
56.568
56.775
56.553
56.698
57.073
56.713
56.867
56.759
56.614
56.759
56.713
56.713
56.583
56.461
56.698
56.713
56.775
56.759
56.729
56.522
56.354
56.507
56.744
56.583
56.668
56.415
56.476
56.507
56.668
56.729
56.614
56.652
56.507
56.614
56.645
56.522
56.629
56.629
56.599
56.285
56.553
56.446
56.415
56.652
56.316
56.645
56.583
56.599
56.415
56.583
56.193
56.254
56.117
56.27
56.193
56.43
56.339
56.178
56.476
56.476
56.4
56.645
56.538
55.994
56.507
56.04
56.163
56.522
56.27
56.568
56.224
56.339
56.43
56.209
56.27
56.239
56.4
56.43
56.056
55.971
56.239
56.04
55.987
56.071
56.056
56.3
56.193
56.132
56.316
55.971
56.3
55.971
56.369
56.04
55.994
56.117
55.994
55.742
56.132
55.803
56.086
55.757
56.01
55.864
55.895
55.818
55.665
55.696
55.658
55.834
55.757
55.727
56.178
55.987
55.742
55.803
55.696
55.971
55.474
55.329
55.864
55.612
55.91
55.612
55.444
55.864
55.581
55.52
55.428
55.658
55.925
55.658
55.581
55.612
55.696
55.566
55.742
55.612
55.612
55.727
55.658
55.566
55.382
55.727
55.367
55.237
55.627
55.681
55.788
55.727
55.367
55.597
55.329
55.222
55.489
55.16
55.382
55.268
55.474
55.367
55.398
55.566
55.566
55.298
55.367
55.489
55.489
55
55.084
55
55.283
55.336
55.237
55.115
55.237
54.923
55.13
55.069
55.352
55.145
54.831
55.252
55.252
55.145
55.176
55.298
54.984
55.283
55.222
55
55.444
55.283
55.283
55.13
55
55.023
55.145
54.678
55.252
54.969
54.908
55.053
54.954
54.77
54.831
54.939
54.671
55.237
54.678
54.893
55.115
54.939
55
54.862
55.222
54.74
54.816
54.694
54.831
54.831
54.801
54.64
54.694
54.694
54.655
54.38
54.801
54.518
54.755
54.709
54.625
54.564
54.816
54.548
54.457
54.625
54.77
54.709
54.816
54.671
54.502
54.296
54.678
54.61
54.671
54.548
54.411
54.411
54.349
54.487
54.219
54.296
54.296
54.655
54.518
54.365
54.548
54.564
54.411
54.594
54.395
54.158
54.38
54.533
53.998
54.219
54.426
54.342
54.327
54.204
54.327
54.311
54.311
54.174
54.174
54.143
54.219
54.036
54.066
54.502
54.143
54.174
54.311
54.128
54.296
54.174
53.998
54.158
54.066
54.281
53.814
54.021
54.174
54.013
54.013
54.112
54.235
54.441
54.311
53.982
54.281
54.174
54.051
54.143
53.952
53.982
54.082
53.998
54.235
54.036
54.189
54.036
53.998
54.112
54.204
53.592
54.219
53.684
53.845
53.814
53.921
53.952
53.737
54.051
53.669
53.875
53.982
53.86
53.952
53.669
53.875
53.5
53.561
53.799
53.722
53.638
53.783
53.799
53.684
53.768
53.753
53.669
53.692
53.202
53.592
53.814
53.692
54.021
53.737
53.5
53.623
53.34
53.669
53.516
53.531
53.561
53.34
53.638
52.98
53.294
53.408
53.439
53.546
53.638
53.454
53.47
53.355
53.684
53.454
53.454
53.531
53.592
53.592
53.363
53.424
53.309
53.202
53.294
53.171
53.187
53.485
53.217
53.324
53.141
53.294
53.095
52.98
52.904
52.995
53.202
53.187
53.217
53.34
53.079
53.294
53.232
53.187
52.949
53.011
52.904
53.294
52.919
53.064
52.949
53.232
53.202
53.408
53.064
53.248
53.125
53.026
53.049
53.141
53.064
53.125
52.965
53.232
53.049
53.309
53.095
52.796
52.965
53.263
52.904
53.187
53.011
53.034
53.049
52.904
52.781
52.796
52.766
52.544
52.697
52.697
52.796
52.796
52.59
52.605
52.575
52.72
52.559
52.559
52.651
52.842
52.452
52.751
52.796
52.919
52.605
52.812
52.751
52.291
52.858
52.682
53.026
52.781
52.751
52.59
52.796
52.529
52.636
52.544
52.666
52.98
52.705
52.904
53.079
52.452
52.858
52.919
52.62
52.781
52.276
52.873
52.529
52.766
52.858
52.575
52.697
52.544
52.467
52.62
52.246
52.307
52.513
52.376
52.467
52.353
52.605
52.422
52.452
52.261
52.559
52.138
52.513
52.246
51.917
52.406
52.047
52.23
52.513
52.215
52.291
52.2
52.353
52.154
52.093
52.123
52.291
52.077
52.077
52.246
52.039
52.154
52.169
52.291
52.047
52.062
52.093
52.062
52.108
52.077
52.406
52.422
52.307
51.84
52.322
52.23
52.062
52.062
51.764
51.963
52.353
51.718
52.123
52.246
52.307
51.963
52.2
52.138
52.215
51.886
51.947
51.963
51.963
52.276
52.062
51.917
52.2
51.963
51.901
52.008
51.917
52.154
51.932
52.108
51.963
51.947
52.062
51.733
51.664
51.809
51.963
52.062
51.679
51.886
51.809
51.871
51.871
51.917
51.557
51.603
51.634
51.542
51.71
51.71
51.649
51.603
51.511
51.389
51.526
51.435
51.588
51.182
51.779
51.213
51.32
51.289
51.557
51.419
51.213
51.419
51.435
51.259
51.197
51.243
51.366
51.366
51.465
51.465
51.182
51.366
51.305
51.197
51.106
51.404
51.152
51.511
51.274
51.289
51.618
51.289
51.152
51.305
51.121
51.228
51.32
51.733
51.182
51.274
51.389
51.496
51.381
51.496
51.366
51.572
51.45
51.381
51.496
51.404
51.213
51.45
51.435
51.404
51.259
51.389
51.389
51.09
51.465
51.435
51.618
51.366
51.121
51.182
51.106
51.228
51.075
51.182
51.305
51.335
51.289
51.358
51.052
51.511
51.121
51.182
51.197
51.465
51.197
50.945
51.511
51.037
51.021
51.075
51.259
51.006
51.366
51.32
51.075
51.167
50.884
51.152
51.06
50.746
51.167
51.228
51.006
50.731
51.213
50.723
50.693
50.807
51.006
50.731
50.677
50.899
50.899
50.746
50.853
50.616
50.945
50.662
50.991
51.136
50.792
51.06
50.976
50.899
50.509
50.478
50.792
50.585
50.914
50.838
50.417
50.746
50.708
50.555
50.853
50.662
50.723
50.662
50.647
50.945
50.976
50.693
50.838
51.121
50.708
50.823
51.136
50.777
50.777
50.853
50.792
50.914
50.777
50.693
50.777
50.555
50.524
50.677
50.478
50.601
50.631
50.708
50.402
50.677
50.631
50.693
50.57
50.616
50.761
50.647
50.777
50.777
50.631
50.524
50.945
50.823
50.478
50.57
50.448
50.524
50.616
50.708
50.631
50.57
50.601
50.555
50.463
50.348
50.662
50.601
50.364
50.823
50.379
50.677
50.662
50.601
50.746
50.555
50.379
50.432
50.777
50.631
50.57
50.463
50.379
50.693
50.57
50.417
50.647
50.555
50.792
50.394
50.478
50.448
50.379
50.165
50.348
50.417
50.119
50.631
50.432
49.866
50.195
50.302
50.035
50.149
50.103
50.432
50.256
50.448
50.448
50.364
49.866
50.348
50.348
50.302
50.272
49.973
50.287
50.379
50.432
49.973
50.241
50.211
50.134
49.866
50.432
50.241
50.004
49.759
49.774
49.866
50.103
50.065
49.943
50.302
49.836
50.05
50.348
50.149
50.211
49.851
50.134
50.463
50.402
50.149
50.394
50.149
50.073
50.226
50.348
50.088
49.851
50.364
49.989
49.774
50.165
50.119
50.333
50.065
50.165
50.379
50.134
50.035
49.79
49.851
50.073
50.103
49.927
50.065
50.119
49.943
50.05
50.165
49.721
49.79
49.82
49.706
49.958
49.476
49.392
49.79
49.736
49.675
49.721
49.744
49.507
49.912
49.553
49.943
49.568
49.598
49.744
50.088
50.004
49.943
49.744
49.629
49.69
49.285
49.759
49.675
49.866
49.927
49.744
49.675
49.644
49.79
49.476
49.805
49.774
49.736
49.614
49.583
49.568
49.721
49.27
49.553
49.82
49.614
49.69
49.537
49.537
49.407
49.461
49.644
49.27
49.331
49.568
49.553
49.553
49.346
49.415
49.361
49.445
49.491
49.224
49.407
49.361
49.445
49.3
49.43
49.553
49.583
49.178
49.3
49.415
49.346
49.285
49.224
49.598
49.239
49.239
49.254
49.101
49.346
49.476
49.27
49.598
48.925
49.101
49.254
49.3
48.941
49.178
49.315
49.162
49.017
49.086
49.331
48.91
49.461
49.101
49.254
48.833
48.971
48.703
49.002
48.864
49.162
49.078
48.703
48.818
48.818
48.833
48.895
48.688
48.788
49.063
48.757
48.833
49.101
49.101
48.55
48.734
48.55
48.956
48.566
49.017
49.032
49.002
48.55
48.719
48.864
48.535
48.879
48.941
48.818
48.657
49.017
48.443
48.405
48.489
48.581
48.719
48.627
48.803
48.91
48.879
49.063
48.596
48.596
48.596
48.535
48.344
48.405
48.55
48.719
48.474
48.596
48.703
48.221
48.489
48.596
48.328
48.413
48.428
48.344
48.52
48.474
48.688
48.443
48.252
48.13
48.344
48.566
48.504
48.359
48.221
48.428
48.191
48.145
48.145
48
47.954
48.099
48.459
48.283
48.03
48.474
48.175
48.045
47.533
47.923
48.084
48.175
48.03
48.045
47.686
48.191
47.908
48.084
48.237
47.892
47.954
48.405
48.237
47.816
48.175
47.954
47.686
47.625
47.64
47.877
47.877
47.785
47.801
47.716
47.716
47.426
48.145
47.785
47.831
47.77
47.747
47.847
47.28
47.755
47.801
47.686
47.77
47.487
47.579
47.732
47.625
47.625
47.831
47.441
47.403
47.671
47.755
47.533
47.594
47.892
47.816
47.701
47.609
47.265
47.502
47.747
47.548
47.64
47.487
47.625
47.472
47.594
47.403
47.518
47.671
47.311
47.594
47.625
47.472
47.671
47.487
47.548
47.441
47.059
47.502
47.487
47.403
47.219
47.326
47.502
47.143
47.487
47.456
47.518
47.387
47.472
47.502
47.326
47.403
47.579
47.426
47.387
47.563
47.387
47.158
47.189
47.487
47.441
47.357
47.472
47.189
47.25
47.25
47.387
47.204
47.387
47.173
47.456
47.487
47.311
47.594
47.143
47.472
46.829
47.456
47.25
47.326
47.234
47.089
46.951
46.982
47.219
46.844
46.936
47.173
46.997
46.982
47.074
46.982
46.814
46.936
47.143
47.074
46.89
47.219
46.905
46.997
47.143
47.127
46.829
46.951
46.783
46.997
46.73
46.638
46.829
46.982
46.982
47.059
47.234
47.112
46.829
46.982
46.829
46.783
46.485
47.173
46.684
47.127
46.768
46.714
46.515
46.73
46.936
46.768
46.921
46.829
46.668
46.905
46.485
46.592
46.684
46.622
46.73
46.607
46.607
46.967
46.768
46.5
46.5
46.546
46.515
46.699
46.469
46.11
46.592
46.638
46.515
46.454
46.202
46.592
46.5
46.5
46.546
46.699
46.668
46.622
46.561
46.5
46.485
46.186
46.515
46.416
46.324
46.385
46.469
46.454
46.431
46.401
46.263
46.416
46.14
46.248
46.37
46.339
46.5
46.561
46.14
46.309
46.309
45.949
46.401
46.087
46.263
45.842
45.919
46.125
45.98
46.14
45.842
46.026
46.072
45.98
46.37
46.217
45.934
46.14
45.964
46.278
45.888
46.217
45.964
45.842
46.026
46.072
46.102
45.888
45.949
46.14
45.964
46.355
46.186
46.072
45.62
46.056
46.171
46.026
46.156
45.857
46.072
45.857
46.026
46.056
46.087
45.681
46.041
45.888
45.964
45.964
45.574
45.919
45.743
45.919
45.712
45.605
45.727
46.087
45.796
45.651
46.041
45.666
46.232
45.482
45.827
45.888
45.62
45.743
45.811
45.758
45.934
45.773
45.796
45.949
45.544
45.636
45.574
45.352
45.467
45.322
45.291
45.758
45.429
45.482
45.62
45.261
45.59
45.574
45.482
45.697
45.727
45.59
45.291
45.444
45.452
45.544
45.398
45.352
45.59
45.444
45.261
45.008
45.452
45.513
45.352
45.261
45.291
45.368
45.1
45.482
45.414
45.59
45.23
45.115
45.337
45.039
45.398
45.528
44.932
45.23
45.184
45.245
45.215
45.452
45.467
45.23
44.962
45.123
45.513
45.337
45.681
45.261
45.199
45.261
45.368
45.398
45.1
45.291
45.169
45.322
45.307
45.482
45.215
45.199
45.115
45.23
45.322
45.636
45.215
45.368
45.291
45.138
45.414
44.886
45.245
45.154
44.771
45.085
44.993
44.786
45.337
45.039
45.123
45.261
44.901
45.023
45.054
44.978
44.526
45.184
44.962
44.962
44.993
44.71
45.069
45.154
44.916
44.87
44.603
45.023
44.825
44.825
45.276
44.725
45.085
44.901
44.786
44.855
44.947
44.916
44.572
44.809
44.694
44.557
44.649
44.411
44.35
44.366
44.756
44.213
44.557
44.526
44.442
44.694
44.603
44.664
44.694
44.916
44.679
44.411
44.664
44.756
44.725
44.855
44.496
44.679
44.794
44.87
44.366
44.572
44.618
44.526
44.74
44.633
44.901
44.603
44.457
44.649
44.411
44.649
44.786
44.725
44.664
44.381
44.649
44.587
44.381
44.725
44.427
44.511
44.136
44.679
44.32
44.442
44.335
44.366
44.664
44.465
44.526
44.381
44.48
44.396
44.427
44.304
44.526
44.381
44.258
44.213
44.541
44.541
44.465
44.442
44.35
44.618
44.572
44.396
44.182
44.197
44.618
44.411
44.213
44.243
44.664
44.128
44.74
44.381
44.381
44.396
44.457
43.884
44.396
44.167
44.587
44.32
44.335
44.213
44.304
44.679
44.052
44.228
44.32
44.457
44.182
44.151
44.197
44.113
44.113
44.182
44.243
44.151
44.541
44.197
44.021
44.35
44.182
44.213
44.243
44.098
44.35
44.289
43.899
44.213
44.274
43.884
44.197
44.052
44.167
44.465
44.067
44.274
44.098
44.082
44.228
43.929
44.228
43.945
44.128
44.572
44.082
44.113
43.991
43.822
43.769
43.975
43.822
43.807
43.991
43.96
44.006
44.151
44.304
43.822
44.021
44.197
44.082
44.067
44.128
44.128
44.258
44.052
44.228
44.228
43.884
43.975
43.822
44.258
44.197
44.228
43.738
43.945
44.006
43.853
43.991
43.868
43.899
43.975
44.037
43.853
44.274
43.899
44.289
44.021
43.822
44.037
43.853
43.96
43.838
43.991
43.838
43.585
44.098
43.799
44.136
43.838
43.784
43.899
44.182
44.006
44.067
43.96
43.753
44.021
43.975
43.708
43.677
43.945
43.899
43.929
43.662
43.799
43.677
43.47
43.677
43.509
43.631
43.753
43.44
43.945
43.975
43.524
43.539
43.6
43.363
43.555
43.555
43.44
43.838
43.807
43.394
43.807
43.769
43.799
43.853
43.57
43.455
43.57
43.394
43.44
43.646
43.585
43.126
43.21
43.271
43.333
43.05
43.317
43.379
43.333
43.478
43.333
43.478
43.111
43.379
43.348
43.363
43.509
43.455
43.379
43.677
43.677
43.555
43.539
43.149
43.21
43.226
43.379
43.47
43.379
43.065
43.302
43.21
43.317
43.226
42.988
43.019
43.149
43.034
43.302
43.195
42.927
43.111
42.897
42.736
43.096
42.973
43.195
43.111
43.111
42.958
42.881
43.21
42.973
43.019
43.141
42.927
43.08
42.973
43.271
43.034
42.782
43.019
42.812
42.851
43.065
42.943
43.302
43.226
43.019
43.111
43.149
43.096
43.302
43.004
43.409
43.379
42.988
43.096
43.149
43.149
42.912
43.111
43.141
43.08
43.271
42.881
43.21
42.973
42.897
43.226
43.195
43.096
42.82
43.004
43.096
42.958
42.866
43.019
42.973
42.943
43.034
42.912
42.812
42.751
42.812
42.468
42.881
43.034
42.468
42.751
42.69
42.812
42.552
42.736
42.943
42.797
42.598
42.751
42.751
42.881
42.522
42.522
42.644
42.124
42.483
42.361
42.522
42.223
42.522
42.491
42.537
42.361
42.483
42.223
42.315
42.438
42.468
42.598
42.392
42.208
42.254
42.438
42.346
42.139
42.392
42.506
42.33
42.438
42.285
42.223
42.315
42.155
42.33
42.483
42.223
42.315
42.285
42.438
42.155
42.361
42.629
42.254
42.468
42.078
42.285
42.124
42.093
42.208
42.392
41.894
42.109
42.223
41.94
42.269
41.642
41.879
41.81
41.81
42.223
42.002
42.208
42.124
42.269
42.223
42.254
42.315
42.032
41.848
42.063
42.124
41.925
41.688
41.956
41.94
42.155
42.124
41.91
41.864
41.986
41.986
41.596
41.826
42.002
41.879
42.078
41.833
41.986
41.956
41.971
41.848
41.848
41.688
41.956
41.894
41.986
42.453
42.093
41.91
41.894
41.78
42.109
41.833
42.063
41.703
42.093
41.734
41.78
41.986
41.81
41.91
41.703
41.673
41.497
42.078
41.78
41.925
41.673
42.002
41.848
41.673
41.894
41.925
41.81
41.764
41.642
41.795
41.795
41.81
41.833
41.718
41.986
41.673
41.764
41.55
41.627
41.451
41.565
41.596
41.642
41.52
41.795
41.718
41.596
41.688
41.42
41.55
41.795
41.764
41.795
41.359
41.596
41.81
41.52
41.252
41.703
41.703
41.359
41.535
41.657
41.497
41.466
41.313
41.52
41.328
41.328
41.481
41.328
41.252
41.611
41.642
41.328
41.267
41.451
41.389
41.435
41.106
41.221
41.122
41.359
41.091
41.206
41.221
41.313
41.673
41.374
41.42
41.236
41.236
41.252
41.344
41.045
41.313
41.267
41.175
41.267
41.405
41.045
41.344
41.374
41.091
41.091
41.359
41.152
41.221
41.344
41.106
40.793
40.907
41.091
40.938
41.313
40.862
40.777
40.953
41.298
40.907
41.091
40.953
40.747
41.045
40.862
41.06
40.701
40.938
40.732
40.686
40.808
40.984
40.877
41.03
40.969
40.732
40.923
40.984
40.808
40.892
40.548
40.762
40.793
40.686
40.655
40.716
40.533
40.28
40.403
40.64
40.494
40.204
40.533
40.533
40.938
40.28
40.28
40.403
40.418
40.479
40.479
40.594
40.517
40.28
40.28
40.326
40.418
40.058
40.028
40.28
40.609
40.433
40.64
40.808
40.862
40.533
40.357
40.25
40.494
40.517
40.563
40.326
40.295
40.387
40.219
40.311
40.219
40.165
40.387
40.51
40.479
40.311
40.548
40.403
40.311
40.234
40.295
40.357
40.563
40.28
40.188
40.165
40.204
40.265
40.181
40.181
40.074
40.372
39.921
40.219
40.119
40.119
40.234
39.966
40.074
40.188
40.341
40.265
40.181
40.089
40.326
40.135
40.28
40.104
39.982
40.234
40.234
39.936
40.204
39.859
40.012
40.012
39.997
39.997
39.852
39.668
40.012
39.775
40.074
39.982
39.966
40.181
39.852
40.104
39.653
40.188
39.745
39.79
39.875
39.79
39.852
39.653
39.836
39.622
39.745
39.821
39.875
40.089
39.653
39.89
39.859
39.561
39.729
39.637
39.729
39.462
39.592
39.592
39.653
39.683
39.852
39.852
39.852
39.997
39.951
40.074
39.714
39.729
39.729
39.431
39.546
39.592
39.714
39.561
39.622
39.163
39.194
39.576
39.668
39.293
39.561
39.178
39.523
39.523
39.339
39.523
39.201
39.561
39.446
39.714
39.462
39.431
39.668
39.492
39.293
39.592
39.53
39.446
39.492
39.4
39.247
39.622
39.232
39.293
39.232
38.98
39.194
39.668
39.217
39.324
39.385
39.117
39.53
39.431
39.37
39.492
39.041
39.201
39.117
39.178
39.041
39.278
39.339
39.071
39.354
39.354
39.201
38.903
39.194
39.133
38.888
39.071
39.056
38.872
39.232
39.201
38.98
39.309
38.865
39.339
39.087
38.903
39.324
39.247
39.102
39.194
39.339
39.025
39.201
39.148
38.758
38.712
38.949
38.949
38.712
39.263
38.758
39.025
39.056
38.865
38.773
38.712
38.773
38.788
38.574
38.849
38.804
38.834
38.589
38.559
38.849
38.758
38.605
38.872
38.681
38.559
38.804
38.804
39.201
38.543
38.666
38.696
38.505
38.413
38.742
38.536
38.635
38.429
38.727
38.543
38.888
38.505
38.742
38.367
38.635
38.574
38.727
38.536
38.589
38.62
38.651
38.429
38.398
38.398
38.459
38.444
38.559
38.651
38.475
38.605
38.543
38.605
38.635
38.383
38.742
38.444
38.444
38.429
38.367
38.306
38.459
38.23
38.383
38.865
38.521
38.49
38.429
38.429
38.413
38.176
38.62
38.559
38.543
38.696
38.605
38.367
38.559
38.413
38.475
38.383
38.245
38.49
38.214
38.245
38.444
38.536
38.444
38.322
38.161
38.459
38.696
38.398
38.444
38.413
38.352
38.23
38.337
38.245
38.635
38.605
38.26
38.322
38.536
38.605
38.13
38.459
38.337
38.26
38.084
38.291
38.444
38.13
38.192
38.069
38.367
38.444
38.23
38.176
38.26
38.192
38.398
38.367
38.069
38.23
38.322
37.962
38.383
38.367
38.214
38.214
38.245
38.176
38.23
38.146
38.115
38.008
38.337
37.863
38.1
38.023
38.084
38.023
38.023
38.13
37.503
38.276
38.023
37.901
38.291
38.023
37.863
37.801
38.192
38.13
38.322
37.993
37.993
37.847
38.069
37.947
38.069
38.039
38.023
38.084
37.931
38.23
37.916
37.947
37.648
38.008
38.023
38.023
37.962
38.023
38.161
38.1
37.832
37.771
38.084
37.847
37.847
37.931
38.008
37.801
37.916
37.916
38.115
38.023
38.023
38.054
37.863
37.947
37.916
37.771
37.549
37.755
37.817
38.023
37.863
37.503
37.832
37.771
37.847
37.694
37.847
37.901
37.916
37.771
37.801
37.863
37.694
37.755
37.488
37.886
37.71
38.161
37.74
37.457
37.633
37.549
37.633
37.587
37.771
37.472
37.771
37.755
37.755
37.725
37.664
37.587
37.587
37.587
37.886
37.549
37.572
37.694
37.396
37.618
37.801
37.832
37.534
37.572
37.549
37.572
37.396
37.679
37.381
37.587
37.35
37.426
37.426
37.365
37.457
37.381
37.587
37.557
37.648
37.457
37.273
37.633
37.006
37.319
37.503
37.228
37.618
37.189
37.664
37.488
37.488
37.472
37.228
37.534
37.082
37.488
37.549
37.664
37.335
37.319
37.381
37.381
37.205
37.549
37.572
37.273
37.128
37.411
37.503
37.411
37.618
37.572
37.633
37.365
37.572
37.472
37.74
37.472
37.472
37.189
37.273
37.518
37.067
37.534
37.289
37.174
37.258
37.243
37.273
37.273
37.304
37.319
37.113
37.319
37.618
37.335
37.457
37.335
37.335
37.411
37.319
37.289
37.381
37.304
37.128
37.572
37.335
37.442
37.411
37.113
37.143
37.365
37.304
37.128
37.396
37.442
37.174
37.381
37.174
37.189
37.243
37.273
37.159
37.35
37.113
37.143
37.258
37.189
37.128
37.304
37.243
37.587
37.228
37.205
36.96
36.891
37.243
37.128
37.273
37.082
36.814
37.113
37.289
36.914
36.769
36.914
36.83
36.929
37.082
36.876
36.784
36.86
36.86
36.799
36.707
36.799
37.113
37.174
36.57
36.661
36.944
37.128
37.036
36.83
37.021
36.99
36.661
36.814
36.738
37.006
36.799
36.799
36.899
37.228
37.205
36.814
36.944
36.944
36.914
36.409
36.814
36.784
36.723
37.021
36.914
36.914
36.562
36.86
36.661
36.814
36.692
36.631
36.531
36.677
36.83
36.562
36.485
36.692
36.547
36.814
36.378
36.738
36.707
36.891
36.784
36.547
36.332
36.516
36.562
36.501
36.646
36.531
36.661
36.424
36.516
36.424
36.661
36.378
36.287
36.47
36.378
36.394
36.241
36.57
36.187
36.348
36.225
36.47
36.501
36.547
36.57
36.424
36.218
36.141
36.317
36.562
36.707
36.631
36.6
36.485
36.631
36.08
36.409
36.317
36.225
36.6
36.485
36.6
36.516
36.562
36.256
36.378
36.225
36.256
36.332
36.692
36.302
36.271
36.348
36.287
36.287
36.111
36.187
36.218
36.241
36.455
36.47
36.111
36.585
36.531
36.57
36.156
36.723
36.631
36.256
36.585
36.409
36.172
36.363
36.332
36.034
36.332
36.409
36.409
36.317
36.287
36.631
36.332
36.156
36.57
36.302
36.44
36.677
36.707
36.47
36.332
36.516
36.271
36.394
36.172
36.225
36.141
36.256
36.156
35.912
36.187
36.187
35.812
36.202
36.47
36.317
36.095
36.187
36.095
36.241
36.08
36.049
36.287
36.225
36.065
36.065
35.889
35.889
36.065
35.927
35.873
35.927
35.72
35.797
35.583
35.889
36.241
35.896
35.843
36.378
35.958
36.003
36.218
36.095
36.126
36.256
35.843
35.843
35.927
35.644
36.187
35.942
35.858
36.049
35.812
35.896
35.927
35.72
35.644
35.912
35.797
35.675
35.812
35.812
35.896
35.873
35.407
36.034
35.705
35.736
35.896
35.988
35.629
35.988
35.766
35.736
35.675
35.675
35.705
35.69
35.69
35.629
35.873
35.705
35.529
35.468
35.912
35.812
35.69
36.019
35.843
35.942
35.613
35.529
35.858
35.72
35.659
35.453
35.361
35.828
35.644
35.675
35.613
35.736
35.659
35.215
35.629
35.598
35.529
35.56
35.766
35.644
35.544
35.567
35.215
35.422
35.284
35.231
35.284
35.468
35.231
35.514
35.514
35.391
35.453
35.644
35.613
35.437
35.315
35.093
35.483
35.422
35.453
35.284
35.346
35.231
35.346
35.483
35.185
35.751
35.238
35.453
35.468
35.437
35.254
35.139
35.33
35.185
35.483
35.238
35.2
35.315
34.955
35.078
35.062
35.3
35.33
35.093
35.483
35.346
35.231
35.315
35.529
35.062
35.33
34.886
34.971
34.871
35.139
34.986
34.657
35.001
35.062
34.909
35.032
34.971
35.315
34.986
34.925
34.986
34.971
35.062
34.909
34.795
35.047
34.779
34.626
35.017
34.703
35.124
34.764
34.886
34.825
34.841
34.986
34.955
34.841
34.703
35.062
34.825
35.062
34.871
35.078
34.986
34.955
34.871
35.062
34.733
34.971
34.764
34.955
34.841
34.841
34.925
35.032
35.093
34.672
34.733
34.688
34.718
34.596
34.749
34.688
34.909
34.642
34.825
34.795
34.657
34.902
34.871
34.749
34.611
34.703
34.856
34.527
34.971
34.841
34.688
34.81
34.779
34.825
34.496
34.435
34.58
34.542
34.626
34.925
34.596
34.657
34.611
34.558
34.672
34.282
34.688
34.657
34.657
34.688
34.611
34.466
34.435
34.496
34.58
34.657
34.596
34.626
34.359
34.466
34.343
34.343
34.703
34.512
34.45
34.183
34.657
34.267
34.611
34.527
34.374
34.343
34.359
34.596
34.573
34.512
34.558
34.58
34.435
34.167
34.343
34.328
34.573
34.328
34.688
34.282
34.313
34.137
34.672
34.213
33.999
34.183
33.999
34.03
33.984
33.9
34.167
34.282
34.244
34.328
34.121
33.915
34.045
34.045
34.137
34.106
34.137
34.213
33.609
33.999
34.297
33.923
34.137
33.9
34.076
34.045
34.091
33.968
33.884
33.762
33.747
33.571
33.777
33.923
34.03
33.854
34.359
34.183
34.03
34.076
33.838
34.167
33.777
33.762
33.701
33.968
33.938
33.938
33.953
33.838
33.624
33.869
33.701
34.03
33.341
33.609
33.762
33.808
33.808
34.106
33.838
34.06
33.915
33.701
33.639
33.984
33.655
33.777
33.655
33.984
33.854
33.67
33.731
33.67
33.716
33.594
33.594
33.594
33.624
33.28
33.586
33.555
33.372
33.387
33.655
33.326
33.265
33.448
33.701
33.402
33.586
33.463
33.479
33.265
33.479
33.838
33.418
33.494
33.372
33.433
33.525
33.655
33.716
33.211
33.295
33.341
33.135
33.104
33.226
33.226
33.479
33.326
33.571
33.418
33.31
33.28
33.372
33.525
33.792
33.594
33.356
33.479
33.326
33.67
33.433
33.731
33.823
33.639
33.624
33.448
33.594
33.747
33.525
33.257
33.402
33.433
33.586
33.418
33.326
33.326
33.54
33.372
32.897
33.135
33.372
33.494
33.119
33.295
33.027
33.089
33.012
33.257
33.135
32.867
33.226
32.851
33.058
33.15
32.997
33.31
32.982
33.104
33.043
33.043
33.089
33.15
32.936
32.913
33.372
33.012
33.012
32.867
32.951
33.242
33.265
32.76
32.851
33.012
32.714
32.867
32.775
32.951
33.326
32.698
32.966
32.76
32.714
32.653
32.599
32.622
32.714
33.119
32.821
33.027
32.79
32.882
32.775
32.897
32.951
32.806
32.79
32.698
32.607
32.936
32.729
32.507
32.653
32.568
32.538
32.882
32.966
32.882
32.79
32.729
32.775
32.744
32.599
32.653
32.553
32.79
32.851
32.369
32.79
32.568
32.775
32.683
32.653
32.477
32.821
32.79
32.553
32.607
32.293
32.293
32.622
32.538
32.538
32.255
32.308
32.522
32.339
32.867
32.538
32.653
32.714
32.507
32.522
32.278
32.851
32.278
32.584
32.477
32.477
32.507
32.446
32.431
32.339
32.431
32.522
32.668
32.683
32.744
32.385
32.622
32.431
32.339
32.522
32.4
32.637
32.744
32.622
32.568
32.806
32.477
32.369
32.607
32.308
32.584
32.415
32.293
32.415
32.415
32.178
32.584
32.255
32.637
32.461
32.293
32.385
32.086
32.293
32.354
32.255
32.308
32.255
32.339
32.308
32.538
32.354
32.385
31.788
32.369
32.194
32.224
32.278
32.224
32.477
32.477
32.178
32.385
32.27
32.224
32.278
32.102
32.224
31.849
32.025
32.117
31.91
31.727
32.01
31.834
31.865
32.04
31.979
32.056
32.415
32.086
32.056
31.926
32.308
32.01
32.224
32.102
31.757
32.086
31.964
32.086
31.65
31.979
31.895
32.102
31.949
32.148
32.293
31.941
31.91
31.635
31.926
31.949
31.834
31.865
31.979
31.849
31.849
31.964
31.88
32.102
31.926
31.895
32.01
31.62
31.91
31.91
31.696
32.148
31.581
32.04
32.01
31.895
32.339
31.995
31.727
31.964
32.025
32.239
31.773
31.949
31.895
31.597
31.773
31.727
31.819
31.995
31.941
31.979
31.865
31.979
31.803
31.803
31.91
31.581
31.459
31.91
31.88
31.597
31.834
31.474
31.949
31.757
31.941
31.88
31.88
31.612
31.65
31.979
31.62
31.62
31.62
31.49
32.086
31.819
31.964
31.91
32.01
31.712
31.474
32.04
31.252
31.727
32.086
31.551
31.849
31.926
31.712
31.681
31.834
31.536
31.612
31.581
31.398
31.612
31.474
31.413
31.268
31.474
31.505
31.428
31.398
31.337
31.52
31.49
31.505
31.597
31.597
31.536
31.742
31.222
31.696
31.459
31.551
31.383
31.474
31.65
31.597
31.65
31.666
31.459
31.581
31.398
31.398
31.413
31.474
31.237
31.62
31.176
31.459
31.551
31.337
31.398
31.413
31.237
31.505
31.536
31.566
31.49
31.52
31.306
31.398
31.367
31.474
31.712
31.65
31.352
31.536
31.666
31.52
31.635
31.367
31.536
31.505
31.444
31.291
31.444
31.398
31.727
31.283
31.757
31.757
31.413
31.536
31.054
31.268
31.291
31.161
31.191
31.161
31.099
31.237
31.268
31.566
31.291
31.084
31.306
31.161
31.306
31.367
31.49
31.291
31.115
30.962
31.145
31.207
31.337
31.398
31.13
31.008
31.13
31.383
31.321
31.352
31.383
31.222
31.069
31.428
31.367
30.954
31.291
31.237
31.237
31.145
31.321
31.099
31.306
31.008
31.069
31.161
31.321
30.816
31.054
31.268
31.054
31.161
31.367
31.099
31.038
31.145
31.054
31.268
31.115
31.176
31.069
31.283
31.398
31.283
31.008
31.145
31.084
31.115
30.992
31.268
31.161
30.954
31.099
30.924
31.222
31.023
30.939
30.878
31.054
31.161
30.862
31.099
31.191
31.306
30.633
31.084
30.847
31.237
31.176
31.008
30.977
30.924
30.924
31.038
31.023
30.755
31.054
30.939
30.786
30.771
31.161
31.008
30.924
30.832
31.054
31.054
30.992
30.939
31.069
31.252
30.74
30.74
31.13
30.878
30.725
30.633
30.725
30.755
30.472
31.222
30.679
30.801
30.595
30.755
30.694
30.549
30.908
30.755
30.679
30.862
31.161
31.13
31.038
30.694
30.694
30.878
30.786
30.503
31.099
30.472
30.679
30.924
30.725
30.61
30.786
30.725
30.786
30.648
30.564
30.564
30.862
30.625
30.663
30.816
30.725
30.694
30.786
30.533
31.008
30.564
30.625
30.862
30.633
30.663
30.663
30.786
30.962
30.503
30.648
30.319
30.533
30.472
30.61
30.939
30.786
30.633
30.442
30.595
30.709
30.625
30.679
30.816
30.786
30.694
30.663
30.847
30.564
30.296
30.143
30.679
30.771
30.755
30.694
30.457
30.518
30.426
30.679
30.625
30.411
30.472
30.564
30.663
30.663
30.365
30.426
31.023
30.472
30.319
30.472
30.296
30.533
30.61
30.396
30.426
30.755
30.334
30.38
30.595
30.564
30.204
30.365
30.579
30.457
30.334
30.304
30.113
30.266
30.472
30.266
30.319
30.304
30.158
30.281
30.365
30.036
30.442
30.319
30.174
30.266
30.35
30.281
30.22
30.457
30.128
30.304
30.35
30.35
30.35
30.266
30.021
30.281
30.304
30.281
30.189
30.128
30.082
29.722
30.113
30.442
29.99
30.365
30.22
29.975
29.952
30.128
29.722
29.937
30.021
29.692
30.235
30.128
30.158
30.097
29.86
30.067
29.99
29.99
30.174
29.906
30.021
29.829
30.128
29.952
30.281
30.158
30.174
30.113
30.38
30.143
29.937
30.189
29.891
29.86
29.975
29.952
30.082
29.845
29.753
30.051
30.266
30.036
30.281
29.952
30.067
29.952
30.143
30.082
30.021
30.266
29.875
29.86
29.975
29.676
29.975
29.738
29.906
29.906
29.906
29.722
30.143
29.975
29.891
29.799
29.86
29.799
29.577
29.845
29.814
29.424
29.722
29.592
29.676
29.799
29.623
29.799
29.753
29.722
29.661
29.814
29.875
29.829
29.562
29.768
29.799
29.86
29.967
29.608
29.875
29.661
29.692
29.799
29.531
29.707
29.799
29.768
29.875
29.455
29.692
29.546
29.577
29.768
29.409
29.439
29.562
29.921
29.875
29.608
29.546
29.516
29.784
29.531
29.501
29.676
29.676
29.47
29.546
29.937
29.577
29.845
29.753
29.676
29.263
29.799
29.263
29.439
29.516
29.753
29.577
29.722
29.661
29.348
29.294
29.172
29.439
29.317
29.248
29.217
29.485
29.095
29.156
29.485
29.47
29.501
29.501
29.409
29.348
29.577
29.003
29.332
29.064
29.309
29.294
29.317
29.233
29.439
29.294
29.064
29.279
29.309
29.485
29.095
29.263
29.141
29.049
29.019
29.378
29.248
29.279
29.608
29.279
29.126
29.141
28.904
29.409
28.904
29.317
29.279
28.95
28.827
29.064
28.98
29.049
29.019
28.904
28.965
28.988
29.11
28.797
28.827
28.95
28.735
28.797
29.08
28.934
28.965
28.69
29.049
28.919
28.766
28.95
29.309
29.064
29.019
28.72
28.812
29.141
29.172
28.888
28.919
28.827
28.95
29.064
29.233
28.988
28.72
28.904
29.08
29.172
28.797
28.919
28.735
28.735
28.766
28.873
28.514
28.904
28.69
28.751
28.705
28.621
28.498
28.735
28.766
28.391
28.69
28.72
28.659
28.514
28.529
28.651
28.766
28.674
28.651
28.888
28.69
28.544
28.544
28.575
28.605
28.437
28.498
28.59
28.139
28.468
28.123
28.361
28.391
28.422
28.659
28.529
28.437
28.674
28.56
28.59
28.292
28.514
28.422
28.483
28.215
28.452
28.735
28.376
28.529
28.651
28.621
28.69
28.575
28.751
28.934
28.452
28.621
28.437
28.322
28.468
28.345
28.498
28.659
28.307
28.483
28.483
28.483
28.108
28.437
28.468
28.016
28.437
28.391
28.246
28.33
28.391
28.001
28.345
28.169
28.047
28.108
28.498
28.169
28.307
28.215
28.093
28.361
28.307
28.108
28.078
28.2
28.108
28.261
28.123
28.215
28.154
28.276
28.33
28.154
28.322
27.902
28.2
28.016
28.292
28.032
28.062
27.794
28.062
27.947
27.902
27.871
27.932
27.84
27.902
28.345
27.733
27.917
27.947
28.154
28.032
27.84
27.718
28.169
27.993
27.779
28.123
27.856
28.123
28.062
28.185
28.062
27.902
28.047
28.016
27.932
28.169
27.703
28.093
27.978
28.276
27.947
28.047
28.139
27.963
27.871
28.047
27.871
28.001
28.154
28.001
27.672
27.672
28.047
27.84
27.779
27.871
27.542
27.886
27.917
28.185
27.557
27.978
27.917
27.687
27.749
28.047
27.718
27.603
27.856
27.764
27.618
27.618
27.588
27.917
27.718
27.84
27.358
27.718
27.511
27.703
27.672
27.649
27.649
27.764
27.687
27.84
27.542
27.603
27.481
27.603
27.588
27.733
27.856
27.703
27.527
27.335
27.603
27.542
27.902
27.749
27.687
27.527
27.649
27.764
27.794
27.733
27.603
27.542
27.718
27.664
27.749
27.527
27.198
27.465
27.703
27.557
27.435
27.335
27.213
26.976
27.389
27.305
27.465
27.075
27.404
27.259
27.374
27.435
27.152
27.152
27.152
27.358
27.573
27.465
26.961
27.32
27.32
27.618
27.045
27.634
27.274
27.335
27.481
27.358
27.259
27.527
27.228
27.404
27.465
27.703
27.335
27.121
27.335
27.182
27.45
27.106
27.374
27.259
27.198
27.404
27.465
27.42
27.305
27.335
27.121
27.029
27.374
27.259
26.991
27.014
27.075
27.075
27.029
27.029
27.06
27.335
27.121
27.014
26.991
26.899
27.075
27.198
27.106
27.091
27.006
27.006
27.121
27.006
27.228
27.075
27.106
26.869
27.343
27.014
27.06
26.976
26.976
27.305
27.091
27.014
26.93
27.198
26.869
27.045
26.746
27.121
27.091
27.182
27.029
27.029
26.961
27.045
27.343
26.991
27.045
26.662
26.7
26.853
26.731
26.792
26.731
26.777
26.685
26.685
26.961
26.869
26.479
26.853
26.823
26.555
26.823
26.823
26.853
26.961
26.838
26.93
26.961
26.746
26.823
26.7
26.616
26.524
27.091
26.677
27.014
26.509
26.601
26.746
26.838
26.433
26.731
26.494
26.823
26.463
26.677
26.272
26.685
26.685
26.632
26.448
26.448
26.762
26.616
26.731
26.616
26.792
26.685
26.716
26.716
26.869
26.716
27.045
26.762
26.762
26.853
26.731
26.792
26.777
26.716
26.746
26.54
26.601
26.662
26.7
26.792
26.7
26.731
26.792
26.731
26.716
26.601
26.387
26.54
26.777
26.677
26.555
26.7
26.7
26.586
26.463
26.716
26.869
26.54
26.57
26.509
26.823
26.647
26.586
26.494
26.647
26.616
26.685
26.899
26.808
26.662
26.509
26.448
26.463
26.257
26.7
26.792
26.555
26.601
26.448
26.417
26.57
26.601
26.632
26.494
26.463
26.647
26.586
26.494
26.333
26.356
26.417
26.509
26.746
26.54
26.524
26.371
26.524
26.555
26.586
26.616
26.448
26.15
26.356
26.241
26.387
26.226
26.02
26.318
26.226
26.677
26.402
26.272
26.417
26.601
26.387
26.417
26.303
26.371
26.524
26.647
26.402
26.463
26.211
26.746
26.387
26.15
26.417
26.479
26.348
26.348
26.226
26.195
26.402
26.195
26.448
26.448
26.448
26.211
26.632
26.433
26.287
26.677
26.463
26.371
26.884
26.601
26.356
26.356
26.387
26.57
26.333
26.318
26.348
